00 00 00 00 00 00 00 00  02 8d 40 00 32 13 8b c0
02 00 8b c0 00 8d 40 00  00 8d 40 00 00 8d 40 00
01 8d 40 00 00 00 00 00  00 00 00 00 ac 21 40 00
3c 23 40 00 b0 26 40 00  00 cb cc c8 c9 d7 cf c8
cd ce db d8 ca d9 da dc  dd de df e0 e1 e3 00 e4
e5 8d 40 00 52 75 6e 74  69 6d 65 20 65 72 72 6f
72 20 20 20 20 20 61 74  20 30 30 30 30 30 30 30
30 00 8b c0 45 72 72 6f  72 00 8b c0 30 31 32 33
34 35 36 37 38 39 41 42  43 44 45 46 00 00 00 00
00 00 00 00 00 00 00 00  00 00 00 00 00 00 00 00
00 00 00 00 00 00 00 00  00 00 00 00 00 00 00 00
00 00 00 00 00 00 00 00  00 00 00 00 00 00 00 00
32 00 8b c0 1f 00 1c 00  1f 00 1e 00 1f 00 1e 00
1f 00 1f 00 1e 00 1f 00  1e 00 1f 00 1f 00 1d 00
1f 00 1e 00 1f 00 1e 00  1f 00 1f 00 1e 00 1f 00
1e 00 1f 00 00 00 00 00  00 00 00 00 00 00 00 00
00 00 00 00 00 00 00 00  00 00 00 00 00 00 00 00
00 00 00 00 3c 82 40 00  00 00 00 00 00 00 00 00
74 88 40 00 80 88 40 00  00 00 00 80 00 00 00 40
00 00 00 c0 00 00 00 00  00 00 00 00 01 00 00 00
02 00 00 00 03 00 00 00  88 75 40 00 90 75 40 00
00 00 40 76 3a 6b 0b de  3a 40 8b c0 0a 00 00 00
3f 13 8b c0 80 cb a4 4c  00 5c 26 05 25 2e 2a 64
38 76 40 00 40 76 40 00  48 76 40 00 50 76 40 00
58 76 40 00 60 76 40 00  68 76 40 00 70 76 40 00
78 76 40 00 80 76 40 00  88 76 40 00 90 76 40 00
98 76 40 00 a0 76 40 00  a8 76 40 00 b0 76 40 00
b8 76 40 00 c0 76 40 00  c8 76 40 00 d0 76 40 00
d8 76 40 00 e0 76 40 00  e8 76 40 00 f0 76 40 00
f8 76 40 00 00 77 40 00  08 77 40 00 10 77 40 00
18 77 40 00 20 77 40 00  28 77 40 00 30 77 40 00
38 77 40 00 40 77 40 00  48 77 40 00 50 77 40 00
58 77 40 00 60 77 40 00  02 00 00 00 00 00 00 00
03 00 00 00 00 00 00 00  04 00 00 00 00 00 00 00
05 00 00 00 00 00 00 00  64 00 00 00 00 00 00 00
65 00 00 00 00 00 00 00  6a 00 00 00 00 00 00 00
c8 7a 40 00 00 00 00 00  20 7b 40 00 00 00 00 00
78 7b 40 00 00 00 00 00  2c 7c 40 00 00 00 00 00
84 7c 40 00 00 00 00 00  dc 7c 40 00 00 00 00 00
34 7d 40 00 00 00 00 00  e8 7d 40 00 00 00 00 00
a0 7e 40 00 00 00 00 00  00 7f 40 00 00 00 00 00
b4 7f 40 00 00 00 00 00  58 7f 40 00 00 00 00 00
0c 80 40 00 00 00 00 00  0c 80 40 00 00 00 00 00
0c 80 40 00 00 00 00 00  0c 80 40 00 00 00 00 00
0c 80 40 00 00 00 00 00  0c 80 40 00 00 00 00 00
68 80 40 00 00 00 00 00  10 7a 40 00 00 00 00 00
24 81 40 00 00 00 00 00  d8 81 40 00 00 00 00 00
c1 1e 59 20 00 00 00 00  00 01 00 00 00 00 00 00
00 00 00 00 00 01 00 00  00 00 00 00 00 00 00 00
01 01 00 00 02 00 00 00  00 00 00 00 01 01 00 00
04 00 00 00 00 00 00 00  01 01 00 00 04 00 00 00
00 00 00 00 01 01 00 00  08 00 00 00 00 00 00 00
01 01 00 00 08 00 00 00  00 00 00 00 01 01 00 00
08 00 00 00 00 00 00 00  01 01 00 00 04 00 00 00
00 01 00 00 01 01 00 00  04 00 00 00 00 04 00 00
01 01 00 00 04 00 00 00  00 00 00 00 01 01 00 00
02 00 00 00 00 00 00 00  01 01 00 00 10 00 00 00
00 08 00 00 01 01 00 00  04 00 00 00 00 02 00 00
00 00 00 00 0e 00 00 00  00 00 00 00 00 00 00 00
00 00 00 00 00 00 00 00  01 01 00 00 01 00 00 00
00 00 00 00 01 01 00 00  01 00 00 00 00 00 00 00
01 01 00 00 02 00 00 00  00 00 00 00 01 01 00 00
04 00 00 00 00 00 00 00  00 00 00 00 08 00 00 00
00 00 00 00 00 00 00 00  08 00 00 00 00 00 00 00
00 01 02 02 03 03 04 07  05 00 00 06 00 00 00 00
02 02 08 08 08 8d 40 00  00 00 00 00 00 00 00 00
00 00 01 01 01 01 01 01  01 01 00 01 02 03 04 03
02 07 08 00 01 03 03 04  03 03 07 03 00 01 04 04
04 04 04 07 04 00 01 03  03 04 05 06 07 03 00 01
02 03 04 06 06 07 08 00  01 07 07 07 07 07 07 07
00 01 08 03 04 03 08 07  08 8d 40 00 ff ff ff ff
00 01 01 00 01 00 02 00  01 02 00 02 0f 01 00 00
00 01 00 01 00 01 01 00  00 01 01 00 00 00 01 00
01 01 8b c0 80 2d 41 00  90 2d 41 00 a0 2d 41 00
00 00 00 00 00 00 00 00  00 00 00 00 00 00 00 00
00 00 00 00 00 00 00 00  00 00 00 00 00 00 00 00
00 00 00 00 00 00 00 00  00 00 00 00 00 00 00 00
00 00 00 00 00 00 00 00  54 50 46 30 00 00 00 00
00 00 00 00 0a 00 0a 00  11 00 02 00 03 00 05 00
0a 00 0a 00 0b 00 0b 00  0a 00 0a 00 0a 00 0a 00
0a 00 04 00 06 00 07 00  0a 00 14 00 0a 00 8b c0
00 00 00 00 59 e9 8b c0  00 00 00 00 0c 6e 40 00
00 00 00 00 00 00 00 00  00 00 00 00 00 00 00 00
00 00 00 00 00 00 00 00  00 00 00 00 5c fd 41 00
00 00 00 00 00 00 00 00  00 00 01 0d 4d 53 20 53
61 6e 73 20 53 65 72 69  66 00 00 00 00 00 00 00
00 00 00 00 00 00 00 00  00 00 00 00 00 8d 40 00
00 00 00 00 4c 16 42 00  80 00 00 00 5c 16 42 00
00 80 00 00 70 16 42 00  80 80 00 00 80 16 42 00
00 00 80 00 90 16 42 00  80 00 80 00 a0 16 42 00
00 80 80 00 b4 16 42 00  80 80 80 00 c4 16 42 00
c0 c0 c0 00 d4 16 42 00  ff 00 00 00 e8 16 42 00
00 ff 00 00 f8 16 42 00  ff ff 00 00 08 17 42 00
00 00 ff 00 1c 17 42 00  ff 00 ff 00 2c 17 42 00
00 ff ff 00 40 17 42 00  ff ff ff 00 50 17 42 00
c0 dc c0 00 60 17 42 00  a6 ca f0 00 78 17 42 00
ff fb f0 00 8c 17 42 00  a0 a0 a4 00 9c 17 42 00
0a 00 00 80 b0 17 42 00  02 00 00 80 c8 17 42 00
0c 00 00 80 e0 17 42 00  01 00 00 80 f8 17 42 00
0f 00 00 80 10 18 42 00  14 00 00 80 24 18 42 00
10 00 00 80 3c 18 42 00  12 00 00 80 50 18 42 00
09 00 00 80 64 18 42 00  00 00 00 20 7c 18 42 00
1b 00 00 80 90 18 42 00  1c 00 00 80 b0 18 42 00
11 00 00 80 d4 18 42 00  0d 00 00 80 e8 18 42 00
0e 00 00 80 fc 18 42 00  0b 00 00 80 14 19 42 00
03 00 00 80 30 19 42 00  13 00 00 80 4c 19 42 00
18 00 00 80 6c 19 42 00  17 00 00 80 80 19 42 00
04 00 00 80 94 19 42 00  07 00 00 80 a4 19 42 00
ff ff ff 1f b8 19 42 00  00 00 00 80 c8 19 42 00
15 00 00 80 dc 19 42 00  16 00 00 80 f4 19 42 00
05 00 00 80 08 1a 42 00  06 00 00 80 1c 1a 42 00
08 00 00 80 34 1a 42 00  00 00 00 00 b0 1a 42 00
01 00 00 00 c8 1a 42 00  02 00 00 00 e0 1a 42 00
4d 00 00 00 f8 1a 42 00  80 00 00 00 0c 1b 42 00
81 00 00 00 28 1b 42 00  82 00 00 00 40 1b 42 00
86 00 00 00 58 1b 42 00  88 00 00 00 70 1b 42 00
a1 00 00 00 8c 1b 42 00  a2 00 00 00 a4 1b 42 00
b1 00 00 00 bc 1b 42 00  b2 00 00 00 d4 1b 42 00
ba 00 00 00 ec 1b 42 00  cc 00 00 00 04 1c 42 00
de 00 00 00 1c 1c 42 00  ee 00 00 00 34 1c 42 00
ff 00 00 00 50 1c 42 00  00 00 00 00 00 00 00 00
01 00 00 00 00 00 00 00  00 00 01 00 02 00 03 00
04 00 05 00 06 00 8b c0  00 00 00 00 ff ff ff 00
00 00 00 00 00 00 00 00  01 00 10 00 0b 00 06 00
0d 00 04 00 0e 00 05 00  0c 00 03 00 0f 00 02 00
09 00 08 00 07 00 0a 00  00 00 00 00 00 00 00 00
00 00 00 00 04 03 8b c0  01 04 08 10 10 18 20 90
04 03 8b c0 00 00 00 00  80 00 00 00 00 80 00 00
80 80 00 00 00 00 80 00  80 00 80 00 00 80 80 00
80 80 80 00 c0 c0 c0 00  ff 00 00 00 00 ff 00 00
ff ff 00 00 00 00 ff 00  ff 00 ff 00 00 ff ff 00
ff ff ff 00 00 00 00 00  00 00 00 00 00 00 80 00
00 00 02 00 01 00 8b c0  00 00 10 00 00 00 10 00
00 00 00 00 20 00 00 00  00 00 00 00 00 08 00 00
00 00 00 00 08 00 00 00  10 00 00 00 00 01 00 00
00 00 00 00 00 00 00 00  00 04 00 00 00 00 00 00
01 00 00 00 20 00 00 00  00 00 00 00 00 00 00 00
20 00 00 00 20 00 00 00  00 00 00 00 00 00 00 00
20 00 00 00 00 00 00 00  00 00 80 00 00 00 00 00
02 00 00 00 01 00 00 00  00 00 00 00 00 00 8b c0
bc 00 42 00 c4 00 42 00  cc 00 42 00 d4 00 42 00
00 00 00 00 84 32 43 00  90 32 43 00 9c 32 43 00
a8 32 43 00 b8 32 43 00  c8 32 43 00 d8 32 43 00
e8 32 43 00 f4 32 43 00  04 33 43 00 18 33 43 00
dc 00 42 00 e4 00 42 00  ec 00 42 00 f4 00 42 00
04 01 42 00 0c 01 42 00  14 01 42 00 1c 01 42 00
24 01 42 00 2c 01 42 00  fc 00 42 00 00 00 00 00
00 00 00 00 84 65 43 00  03 07 0d 0b 0e 0f 03 90
00 00 00 00 78 67 43 00  fe ff ff ff 8c 67 43 00
fd ff ff ff 9c 67 43 00  fc ff ff ff ac 67 43 00
fa ff ff ff bc 67 43 00  f9 ff ff ff d0 67 43 00
f8 ff ff ff e4 67 43 00  f7 ff ff ff f8 67 43 00
f6 ff ff ff 0c 68 43 00  f5 ff ff ff 20 68 43 00
f4 ff ff ff 34 68 43 00  f3 ff ff ff 44 68 43 00
f2 ff ff ff 58 68 43 00  f1 ff ff ff 6c 68 43 00
f0 ff ff ff 80 68 43 00  ef ff ff ff 94 68 43 00
ee ff ff ff a8 68 43 00  ed ff ff ff b8 68 43 00
ec ff ff ff cc 68 43 00  eb ff ff ff dc 68 43 00
ea ff ff ff f0 68 43 00  ea ff ff ff 04 69 43 00
00 00 00 00 97 00 57 00  01 00 00 00 00 00 00 00
08 00 00 00 04 00 00 00  00 00 00 00 00 00 00 00
02 00 00 00 01 00 00 00  00 00 00 00 00 00 00 00
00 00 00 00 00 10 00 00  00 40 00 00 00 80 00 00
00 00 00 00 08 00 00 00  04 00 00 00 00 00 08 00
00 01 01 02 02 00 00 90  00 00 01 00 01 00 00 90
ff ff ff ff 00 00 f1 ff  f2 ff 8b c0 00 00 00 00
00 08 09 03 0b 09 01 09  02 00 00 00 04 00 00 00
00 00 00 00 01 00 00 00  00 00 00 00 10 00 00 00
00 00 00 00 01 00 00 00  e0 88 44 00 00 01 8b c0
00 01 00 90 01 00 8b c0  01 00 01 90 00 00 00 00
00 00 00 00 00 00 00 00  00 00 00 00 00 00 00 00
00 00 00 00 00 00 00 00  00 00 00 00 00 00 00 00
00 00 00 00 00 00 00 00  00 00 00 00 00 00 00 00
00 00 00 00 00 00 00 00  00 00 00 00 00 00 00 00
00 00 00 00 00 00 00 00  08 00 00 00 03 00 00 00
00 00 00 00 00 00 00 00  40 00 00 00 20 00 00 00
00 00 00 00 00 08 00 00  00 00 00 00 40 00 00 00
20 00 00 00 00 00 00 00  08 00 00 00 00 00 00 00
00 10 00 00 03 00 00 00  00 00 00 00 00 00 00 00
00 02 00 00 00 00 00 00  00 08 00 00 00 00 00 00
00 60 00 00 00 00 00 00  00 01 00 00 00 00 02 00
01 00 8b c0 04 00 00 00  02 00 00 00 00 00 02 00
01 00 8b c0 00 00 08 00  04 00 08 00 00 00 04 00
02 00 00 00 e4 5f 43 00  01 8d 40 00 00 00 00 00
00 00 00 00 00 00 00 00  00 00 00 00 00 00 00 00
00 00 00 00 15 00 00 00  02 00 00 00 03 00 00 00
14 00 00 00 00 02 00 00  02 00 00 00 10 00 00 00
04 00 00 00 80 00 00 00  00 01 00 00 01 00 00 00
20 00 00 00 08 00 00 00  40 00 00 00 00 00 00 00
01 00 00 00 02 00 00 00  00 00 00 00 00 00 80 00
01 00 00 00 06 00 00 00  03 00 00 00 04 00 00 00
07 00 00 00 03 00 00 00  01 00 00 00 07 00 00 00
03 00 00 00 00 00 00 00  02 00 00 00 00 00 00 00
01 00 00 00 86 7f 00 00  f9 7f 00 00 8b 7f 00 00
8a 7f 00 00 88 7f 00 00  fa 7f 00 00 fb 7f 00 00
fc 7f 00 00 fd 7f 00 00  ff 7f 00 00 fe 7f 00 00
02 7f 00 00 04 7f 00 00  84 7f 00 00 82 7f 00 00
85 7f 00 00 83 7f 00 00  80 7f 00 00 01 7f 00 00
03 7f 00 00 00 7f 00 00  00 00 00 00 0c 6e 40 00
00 00 00 00 00 00 00 00  00 00 00 00 00 00 00 00
00 00 00 00 00 00 00 00  00 00 00 00 8c 7f 45 00
00 8d 40 00 97 00 57 00  5a 00 00 00 00 00 00 01
68 ac 45 00 dc ac 45 00  e0 ac 45 00 e4 ac 45 00
e8 ac 45 00 00 00 00 00  00 00 00 00 00 00 00 00
00 00 00 00 00 00 00 00  00 00 00 00 00 00 00 00
00 00 00 00 00 00 00 00  00 00 00 00 00 00 00 00
00 00 00 00 00 00 00 00  00 00 00 00 00 00 00 00
00 00 00 00 00 00 00 00  00 00 00 00 00 00 00 00
00 00 00 00 00 00 00 00  00 00 00 00 00 00 00 00
00 00 00 00 40 06 00 00  80 3e 00 00 00 00 00 00
88 13 00 00 00 00 00 00  01 00 00 00 02 00 00 00
04 00 00 00 08 00 00 00  10 00 00 00 20 00 00 00
40 00 00 00 80 00 00 00  00 01 00 00 00 02 00 00
00 04 00 00 00 08 00 00  00 10 00 00 00 20 00 00
00 40 00 00 00 00 00 00  ff ff ff ff fd ff ff ff
f9 ff ff ff f1 ff ff ff  e1 ff ff ff c1 ff ff ff
81 ff ff ff 01 ff ff ff  01 fe ff ff 01 fc ff ff
01 f8 ff ff 01 f0 ff ff  01 e0 ff ff 01 c0 ff ff
01 80 ff ff 00 00 00 00  01 00 00 00 02 00 00 00
04 00 00 00 08 00 00 00  10 00 00 00 20 00 00 00
40 00 00 00 80 00 00 00  00 01 00 00 00 02 00 00
00 04 00 00 00 08 00 00  00 10 00 00 00 20 00 00
00 40 00 00 00 00 00 00  ff ff ff ff fd ff ff ff
f9 ff ff ff f1 ff ff ff  e1 ff ff ff c1 ff ff ff
81 ff ff ff 01 ff ff ff  01 fe ff ff 01 fc ff ff
01 f8 ff ff 01 f0 ff ff  01 e0 ff ff 01 c0 ff ff
01 80 ff ff 00 c0 30 f0  0c cc 3c fc 03 c3 33 f3
0f cf 3f ff 80 40 b0 70  8c 4c bc 7c 83 43 b3 73
8f 4f bf 7f 20 e0 10 d0  2c ec 1c dc 23 e3 13 d3
2f ef 1f df a0 60 90 50  ac 6c 9c 5c a3 63 93 53
af 6f 9f 5f 08 c8 38 f8  04 c4 34 f4 0b cb 3b fb
07 c7 37 f7 88 48 b8 78  84 44 b4 74 8b 4b bb 7b
87 47 b7 77 28 e8 18 d8  24 e4 14 d4 2b eb 1b db
27 e7 17 d7 a8 68 98 58  a4 64 94 54 ab 6b 9b 5b
a7 67 97 57 02 c2 32 f2  0e ce 3e fe 01 c1 31 f1
0d cd 3d fd 82 42 b2 72  8e 4e be 7e 81 41 b1 71
8d 4d bd 7d 22 e2 12 d2  2e ee 1e de 21 e1 11 d1
2d ed 1d dd a2 62 92 52  ae 6e 9e 5e a1 61 91 51
ad 6d 9d 5d 0a ca 3a fa  06 c6 36 f6 09 c9 39 f9
05 c5 35 f5 8a 4a ba 7a  86 46 b6 76 89 49 b9 79
85 45 b5 75 2a ea 1a da  26 e6 16 d6 29 e9 19 d9
25 e5 15 d5 aa 6a 9a 5a  a6 66 96 56 a9 69 99 59
a5 65 95 55 01 00 00 00  02 00 00 00 00 00 00 00
00 40 c5 58 9f 53 42 4b  00 40 49 32 a3 22 a8 11
c5 58 21 7b fc 73 62 68  c5 58 bf 45 0b 30 7e 18
9f 53 fc 73 41 6d 54 62  9f 53 b3 41 41 2d 12 17
42 4b 62 68 54 62 7e 58  42 4b 21 3b ba 28 c3 14
00 40 c5 58 9f 53 42 4b  00 40 49 32 a3 22 a8 11
49 32 bf 45 b3 41 21 3b  49 32 82 27 37 1b e0 0d
a3 22 0b 30 41 2d ba 28  a3 22 37 1b bf 12 8e 09
a8 11 7e 18 12 17 c3 14  a8 11 e0 0d 8e 09 df 04
00 00 00 00 00 00 f0 3f  ef 61 48 b1 50 31 f6 3f
ca 6f 4d 91 ae e7 f4 3f  aa 11 6c ef 62 d0 f2 3f
00 00 00 00 00 00 f0 3f  3b bf a7 c0 69 24 e9 3f
bb 20 c7 7b 7a 51 e1 3f  5d ab 72 de 55 a8 d1 3f
00 00 00 00 01 00 00 00  08 00 00 00 10 00 00 00
09 00 00 00 02 00 00 00  03 00 00 00 0a 00 00 00
11 00 00 00 18 00 00 00  20 00 00 00 19 00 00 00
12 00 00 00 0b 00 00 00  04 00 00 00 05 00 00 00
0c 00 00 00 13 00 00 00  1a 00 00 00 21 00 00 00
28 00 00 00 30 00 00 00  29 00 00 00 22 00 00 00
1b 00 00 00 14 00 00 00  0d 00 00 00 06 00 00 00
07 00 00 00 0e 00 00 00  15 00 00 00 1c 00 00 00
23 00 00 00 2a 00 00 00  31 00 00 00 38 00 00 00
39 00 00 00 32 00 00 00  2b 00 00 00 24 00 00 00
1d 00 00 00 16 00 00 00  0f 00 00 00 17 00 00 00
1e 00 00 00 25 00 00 00  2c 00 00 00 33 00 00 00
3a 00 00 00 3b 00 00 00  34 00 00 00 2d 00 00 00
26 00 00 00 1f 00 00 00  27 00 00 00 2e 00 00 00
35 00 00 00 3c 00 00 00  3d 00 00 00 36 00 00 00
2f 00 00 00 37 00 00 00  3e 00 00 00 3f 00 00 00
3f 00 00 00 3f 00 00 00  3f 00 00 00 3f 00 00 00
3f 00 00 00 3f 00 00 00  3f 00 00 00 3f 00 00 00
3f 00 00 00 3f 00 00 00  3f 00 00 00 3f 00 00 00
3f 00 00 00 3f 00 00 00  3f 00 00 00 3f 00 00 00
10 00 00 00 0b 00 00 00  0a 00 00 00 10 00 00 00
18 00 00 00 28 00 00 00  33 00 00 00 3d 00 00 00
0c 00 00 00 0c 00 00 00  0e 00 00 00 13 00 00 00
1a 00 00 00 3a 00 00 00  3c 00 00 00 37 00 00 00
0e 00 00 00 0d 00 00 00  10 00 00 00 18 00 00 00
28 00 00 00 39 00 00 00  45 00 00 00 38 00 00 00
0e 00 00 00 11 00 00 00  16 00 00 00 1d 00 00 00
33 00 00 00 57 00 00 00  50 00 00 00 3e 00 00 00
12 00 00 00 16 00 00 00  25 00 00 00 38 00 00 00
44 00 00 00 6d 00 00 00  67 00 00 00 4d 00 00 00
18 00 00 00 23 00 00 00  37 00 00 00 40 00 00 00
51 00 00 00 68 00 00 00  71 00 00 00 5c 00 00 00
31 00 00 00 40 00 00 00  4e 00 00 00 57 00 00 00
67 00 00 00 79 00 00 00  78 00 00 00 65 00 00 00
48 00 00 00 5c 00 00 00  5f 00 00 00 62 00 00 00
70 00 00 00 64 00 00 00  67 00 00 00 63 00 00 00
11 00 00 00 12 00 00 00  18 00 00 00 2f 00 00 00
63 00 00 00 63 00 00 00  63 00 00 00 63 00 00 00
12 00 00 00 15 00 00 00  1a 00 00 00 42 00 00 00
63 00 00 00 63 00 00 00  63 00 00 00 63 00 00 00
18 00 00 00 1a 00 00 00  38 00 00 00 63 00 00 00
63 00 00 00 63 00 00 00  63 00 00 00 63 00 00 00
2f 00 00 00 42 00 00 00  63 00 00 00 63 00 00 00
63 00 00 00 63 00 00 00  63 00 00 00 63 00 00 00
63 00 00 00 63 00 00 00  63 00 00 00 63 00 00 00
63 00 00 00 63 00 00 00  63 00 00 00 63 00 00 00
63 00 00 00 63 00 00 00  63 00 00 00 63 00 00 00
63 00 00 00 63 00 00 00  63 00 00 00 63 00 00 00
63 00 00 00 63 00 00 00  63 00 00 00 63 00 00 00
63 00 00 00 63 00 00 00  63 00 00 00 63 00 00 00
63 00 00 00 63 00 00 00  63 00 00 00 63 00 00 00
63 00 00 00 63 00 00 00  63 00 00 00 63 00 00 00
00 00 01 05 01 01 01 01  01 01 00 00 00 00 00 00
00 00 01 02 03 04 05 06  07 08 09 0a 0b 00 00 03
01 01 01 01 01 01 01 01  01 00 00 00 00 00 00 01
02 03 04 05 06 07 08 09  0a 0b 00 00 02 01 03 03
02 04 03 05 05 04 04 00  00 01 7d 01 02 03 00 04
11 05 12 21 31 41 06 13  51 61 07 22 71 14 32 81
91 a1 08 23 42 b1 c1 15  52 d1 f0 24 33 62 72 82
09 0a 16 17 18 19 1a 25  26 27 28 29 2a 34 35 36
37 38 39 3a 43 44 45 46  47 48 49 4a 53 54 55 56
57 58 59 5a 63 64 65 66  67 68 69 6a 73 74 75 76
77 78 79 7a 83 84 85 86  87 88 89 8a 92 93 94 95
96 97 98 99 9a a2 a3 a4  a5 a6 a7 a8 a9 aa b2 b3
b4 b5 b6 b7 b8 b9 ba c2  c3 c4 c5 c6 c7 c8 c9 ca
d2 d3 d4 d5 d6 d7 d8 d9  da e1 e2 e3 e4 e5 e6 e7
e8 e9 ea f1 f2 f3 f4 f5  f6 f7 f8 f9 fa 00 00 02
01 02 04 04 03 04 07 05  04 04 00 01 02 77 00 01
02 03 11 04 05 21 31 06  12 41 51 07 61 71 13 22
32 81 08 14 42 91 a1 b1  c1 09 23 33 52 f0 15 62
72 d1 0a 16 24 34 e1 25  f1 17 18 19 1a 26 27 28
29 2a 35 36 37 38 39 3a  43 44 45 46 47 48 49 4a
53 54 55 56 57 58 59 5a  63 64 65 66 67 68 69 6a
73 74 75 76 77 78 79 7a  82 83 84 85 86 87 88 89
8a 92 93 94 95 96 97 98  99 9a a2 a3 a4 a5 a6 a7
a8 a9 aa b2 b3 b4 b5 b6  b7 b8 b9 ba c2 c3 c4 c5
c6 c7 c8 c9 ca d2 d3 d4  d5 d6 d7 d8 d9 da e2 e3
e4 e5 e6 e7 e8 e9 ea f2  f3 f4 f5 f6 f7 f8 f9 fa
00 40 c5 58 9f 53 42 4b  00 40 49 32 a3 22 a8 11
c5 58 21 7b fc 73 62 68  c5 58 bf 45 0b 30 7e 18
9f 53 fc 73 41 6d 54 62  9f 53 b3 41 41 2d 12 17
42 4b 62 68 54 62 7e 58  42 4b 21 3b ba 28 c3 14
00 40 c5 58 9f 53 42 4b  00 40 49 32 a3 22 a8 11
49 32 bf 45 b3 41 21 3b  49 32 82 27 37 1b e0 0d
a3 22 0b 30 41 2d ba 28  a3 22 37 1b bf 12 8e 09
a8 11 7e 18 12 17 c3 14  a8 11 e0 0d 8e 09 df 04
00 00 00 00 00 00 f0 3f  ef 61 48 b1 50 31 f6 3f
ca 6f 4d 91 ae e7 f4 3f  aa 11 6c ef 62 d0 f2 3f
00 00 00 00 00 00 f0 3f  3b bf a7 c0 69 24 e9 3f
bb 20 c7 7b 7a 51 e1 3f  5d ab 72 de 55 a8 d1 3f
00 00 00 00 24 df 46 00  2c df 46 00 38 df 46 00
40 df 46 00 48 df 46 00  50 df 46 00 58 df 46 00
60 df 46 00 68 df 46 00  74 df 46 00 00 00 00 00
44 00 42 00 4c 00 42 00  64 00 42 00 54 00 42 00
5c 00 42 00 6c 00 42 00  84 00 42 00 7c 00 42 00
74 00 42 00 8c 00 42 00  00 00 00 00 01 00 00 00
02 00 00 00 00 00 00 00  06 00 00 00 07 00 00 00
00 00 00 00 03 00 00 00  04 00 00 00 05 00 00 00
08 00 00 00 00 00 00 00  48 fa 46 00 54 fa 46 00
b0 fa 46 00 bc fa 46 00  18 fb 46 00 00 00 00 00
5c 02 47 00 a0 02 47 00  00 00 00 00 5c 02 47 00
ac 02 47 00 30 d6 47 00  00 00 00 00 00 00 00 00
00 00 00 00 00 00 00 00  01 00 00 00 ff ff ff ff
00 00 00 00 f4 ff ff ff  0c 00 00 00 e8 ff ff ff
18 00 00 00 c4 ff ff ff  3c 00 00 00 c4 ff ff ff
3c 00 00 00 00 00 00 00  00 00 00 00 00 00 00 00
00 00 00 00 00 00 00 00  00 00 00 00 00 00 00 00
00 00 00 00 00 00 8b c0  00 00 00 00 40 64 00 00
01 00 00 00 00 00 00 00  00 00 00 00 00 00 00 00
00 00 00 00 00 00 00 00  00 00 00 00 00 40 1c 46
00 00 7a 44 00 00 c8 42  00 00 20 41 00 00 20 41
3f 13 8b c0 00 00 00 00  00 00 00 00 00 00 00 00
00 00 00 00 00 00 00 00  00 00 00 00 ff ff ff ff
00 00 00 00 e4 89 47 00  f8 89 47 00 08 8a 47 00
18 8a 47 00 24 97 47 00  34 97 47 00 44 97 47 00
58 97 47 00 68 97 47 00  78 97 47 00 88 97 47 00
98 97 47 00 ac 97 47 00  b8 97 47 00 c8 97 47 00
d8 97 47 00 ec 97 47 00  fc 97 47 00 10 98 47 00
20 98 47 00 30 98 47 00  40 98 47 00 50 98 47 00
60 98 47 00 74 98 47 00  88 98 47 00 9c 98 47 00
ac 98 47 00 c0 98 47 00  d4 98 47 00 e8 98 47 00
f4 98 47 00 04 99 47 00  18 99 47 00 28 99 47 00
38 99 47 00 48 99 47 00  58 99 47 00 6c 99 47 00
80 99 47 00 90 99 47 00  a8 99 47 00 48 9c 47 00
50 9c 47 00 58 9c 47 00  60 9c 47 00 68 9c 47 00
70 9c 47 00 78 9c 47 00  80 9c 47 00 88 9c 47 00
90 9c 47 00 50 76 40 00  a8 75 40 00 48 9c 47 00
e8 74 40 00 a0 76 40 00  e0 76 40 00 48 77 40 00
24 01 42 00 38 e0 47 00  70 76 40 00 ac 01 42 00
cc 01 42 00 60 ee 47 00  7c 00 42 00 2c e0 47 00
cc a9 45 00 f0 75 40 00  dc a9 45 00 fc 00 42 00
58 77 40 00 48 e0 47 00  08 e0 47 00 b0 74 40 00
44 00 42 00 f4 ea 47 00  a4 01 42 00 30 77 40 00
a0 c4 47 00 94 01 42 00  58 76 40 00 ec ff 41 00
ec 01 42 00 50 ee 47 00  00 e0 47 00 b4 01 42 00
d4 00 42 00 8c ff 41 00  58 ee 47 00 74 00 42 00
b4 00 42 00 5c 88 47 00  ac 00 42 00 a4 00 42 00
00 75 40 00 d4 ff 41 00  60 9c 47 00 a8 74 40 00
2c 00 42 00 58 2b 41 00  38 77 40 00 18 77 40 00
40 77 40 00 ac ff 41 00  1c e0 47 00 68 9c 47 00
bc 01 42 00 4d e0 47 00  d0 74 40 00 80 75 40 00
c8 74 40 00 90 ec 47 00  b0 c4 47 00 78 76 40 00
08 75 40 00 e8 75 40 00  b8 c4 47 00 88 75 40 00
18 76 40 00 d4 01 42 00  b8 2a 41 00 6c 01 42 00
7c ff 41 00 9c ff 41 00  e0 2a 41 00 84 00 42 00
44 01 42 00 c8 76 40 00  b4 ff 41 00 1c e2 47 00
3c 01 42 00 e8 76 40 00  5c ee 47 00 6c ff 41 00
c8 75 40 00 54 ff 41 00  b0 ea 47 00 0c e0 47 00
98 9c 47 00 30 e0 47 00  5c ff 41 00 b0 c0 47 00
70 2a 41 00 68 ee 47 00  84 01 42 00 a8 76 40 00
04 00 42 00 54 ee 47 00  f0 2a 41 00 04 e0 47 00
a0 ea 47 00 10 e0 47 00  74 88 47 00 34 01 42 00
e4 01 42 00 94 ff 41 00  9c c4 47 00 a0 74 40 00
f4 00 42 00 f0 76 40 00  60 75 40 00 50 9c 47 00
68 75 40 00 c4 ff 41 00  28 77 40 00 d8 74 40 00
20 75 40 00 e4 00 42 00  90 75 40 00 80 9c 47 00
0c 00 42 00 a8 2a 41 00  c0 75 40 00 8c 00 42 00
98 76 40 00 c4 01 42 00  48 2b 41 00 08 2b 41 00
00 76 40 00 f8 ea 47 00  70 9c 47 00 d0 2a 41 00
bc 40 47 00 74 eb 47 00  8c 01 42 00 78 2a 41 00
bc 00 42 00 ac 40 47 00  6c 00 42 00 a4 ea 47 00
38 2b 41 00 dc 01 42 00  fc ff 41 00 c0 76 40 00
a0 75 40 00 d8 75 40 00  b8 74 40 00 d8 2a 41 00
44 e0 47 00 b0 76 40 00  88 2a 41 00 54 00 42 00
c0 c4 47 00 d0 76 40 00  0c 01 42 00 60 2b 41 00
bc ea 47 00 88 9c 47 00  9c 00 42 00 ec 00 42 00
98 75 40 00 c4 c0 47 00  40 76 40 00 80 76 40 00
10 77 40 00 00 2b 41 00  f8 74 40 00 38 75 40 00
b8 76 40 00 b4 40 47 00  2c 01 42 00 3c e0 47 00
d4 a9 45 00 b0 2a 41 00  48 75 40 00 20 77 40 00
40 75 40 00 14 01 42 00  cc ff 41 00 f8 2a 41 00
f8 76 40 00 64 00 42 00  00 eb 47 00 24 e0 47 00
08 76 40 00 90 2a 41 00  08 ec 47 00 98 ec 47 00
b8 75 40 00 64 ee 47 00  84 ff 41 00 a4 ff 41 00
a0 2a 41 00 c8 c4 47 00  50 77 40 00 68 e8 47 00
28 76 40 00 c0 74 40 00  f8 c2 47 00 64 ff 41 00
f0 74 40 00 94 00 42 00  f8 75 40 00 58 9c 47 00
78 9c 47 00 e4 ff 41 00  3c 00 42 00 30 2b 41 00
90 9c 47 00 b4 c0 47 00  bc ff 41 00 d8 76 40 00
00 77 40 00 04 01 42 00  f4 01 42 00 64 88 47 00
4c e0 47 00 08 77 40 00  d0 75 40 00 20 e0 47 00
80 ee 47 00 74 ff 41 00  10 2b 41 00 20 76 40 00
c0 2a 41 00 10 c0 47 00  9c 01 42 00 5c 01 42 00
c8 2a 41 00 68 76 40 00  34 00 42 00 10 76 40 00
88 76 40 00 3a e7 47 00  e0 75 40 00 cc 00 42 00
80 2a 41 00 e8 2a 41 00  1c 00 42 00 dc ff 41 00
60 77 40 00 6c 88 47 00  1c 01 42 00 64 01 42 00
98 2a 41 00 48 76 40 00  58 75 40 00 28 2b 41 00
e0 74 40 00 70 75 40 00  20 2b 41 00 18 75 40 00
c4 00 42 00 10 75 40 00  90 76 40 00 14 c1 47 00
50 2b 41 00 74 01 42 00  7c 01 42 00 30 76 40 00
18 2b 41 00 28 75 40 00  4c 00 42 00 d0 c4 47 00
70 eb 47 00 40 2b 41 00  4c 01 42 00 38 76 40 00
3b e7 47 00 5c 00 42 00  dc 00 42 00 fc ea 47 00
78 75 40 00 c4 40 47 00  e8 e9 47 00 50 75 40 00
24 00 42 00 0c ec 47 00  54 01 42 00 30 75 40 00
f4 c0 47 00 f4 ff 41 00  14 00 42 00 ac c0 47 00
34 e0 47 00 f4 e7 47 00  b0 75 40 00 60 76 40 00
00 00 00 00 00 00 00 00  00 00 00 00 00 00 00 00
00 00 00 00 00 00 00 00  00 00 00 00 00 00 00 00
00 00 00 00 00 00 00 00  00 00 00 00 00 00 00 00
00 00 00 00 00 00 00 00  00 00 00 00 00 00 00 00
00 00 00 00 00 00 00 00  00 00 00 00 00 00 00 00
00 00 00 00 00 00 00 00  00 00 00 00 00 00 00 00
00 00 00 00 00 00 00 00  00 00 00 00 00 00 00 00
00 00 00 00 00 00 00 00  00 00 00 00 00 00 00 00
00 00 00 00 00 00 00 00  00 00 00 00 00 00 00 00
00 00 00 00 00 00 00 00  00 00 00 00 00 00 00 00
00 00 00 00 00 00 00 00  00 00 00 00 00 00 00 00
00 00 00 00 00 00 00 00  00 00 00 00 00 00 00 00
00 00 00 00 00 00 00 00  00 00 00 00 00 00 00 00
00 00 00 00 00 00 00 00  00 00 00 00 00 00 00 00
00 00 00 00 00 00 00 00  00 00 00 00 00 00 00 00
00 00 00 00 00 00 00 00  00 00 00 00 00 00 00 00
00 00 00 00 00 00 00 00  00 00 00 00 00 00 00 00
00 00 00 00 00 00 00 00  00 00 00 00 00 00 00 00
00 00 00 00 00 00 00 00  00 00 00 00 00 00 00 00
00 00 00 00 00 00 00 00  00 00 00 00 00 00 00 00
00 00 00 00 00 00 00 00  00 00 00 00 00 00 00 00
00 00 00 00 00 00 00 00  00 00 00 00 00 00 00 00
00 00 00 00 00 00 00 00  00 00 00 00 00 00 00 00
00 00 00 00 00 00 00 00  00 00 00 00 00 00 00 00
00 00 00 00 00 00 00 00  00 00 00 00 00 00 00 00
00 00 00 00 00 00 00 00  00 00 00 00 00 00 00 00
00 00 00 00 00 00 00 00  00 00 00 00 00 00 00 00
