00 00 00 00 00 00 00 00  00 00 00 00 5c f7 07 00
2c f1 07 00 00 00 00 00  00 00 00 00 00 00 00 00
3c fa 07 00 d4 f1 07 00  00 00 00 00 00 00 00 00
00 00 00 00 82 fa 07 00  e8 f1 07 00 00 00 00 00
00 00 00 00 00 00 00 00  c2 fa 07 00 f8 f1 07 00
00 00 00 00 00 00 00 00  00 00 00 00 0a fb 07 00
08 f2 07 00 00 00 00 00  00 00 00 00 00 00 00 00
56 fb 07 00 1c f2 07 00  00 00 00 00 00 00 00 00
00 00 00 00 96 fb 07 00  2c f2 07 00 00 00 00 00
00 00 00 00 00 00 00 00  a8 ff 07 00 24 f3 07 00
00 00 00 00 00 00 00 00  00 00 00 00 26 04 08 00
30 f4 07 00 00 00 00 00  00 00 00 00 00 00 00 00
1e 0e 08 00 a4 f6 07 00  00 00 00 00 00 00 00 00
00 00 00 00 34 0e 08 00  ac f6 07 00 00 00 00 00
00 00 00 00 00 00 00 00  28 0f 08 00 e0 f6 07 00
00 00 00 00 00 00 00 00  00 00 00 00 54 0f 08 00
ec f6 07 00 00 00 00 00  00 00 00 00 00 00 00 00
82 0f 08 00 f8 f6 07 00  00 00 00 00 00 00 00 00
00 00 00 00 00 00 00 00  00 00 00 00 6a f7 07 00
82 f7 07 00 9a f7 07 00  b2 f7 07 00 ce f7 07 00
dc f7 07 00 ec f7 07 00  f8 f7 07 00 06 f8 07 00
1c f8 07 00 34 f8 07 00  4c f8 07 00 5c f8 07 00
72 f8 07 00 88 f8 07 00  94 f8 07 00 a0 f8 07 00
b2 f8 07 00 c4 f8 07 00  d6 f8 07 00 e8 f8 07 00
fc f8 07 00 12 f9 07 00  24 f9 07 00 34 f9 07 00
46 f9 07 00 54 f9 07 00  66 f9 07 00 72 f9 07 00
80 f9 07 00 8c f9 07 00  a8 f9 07 00 ba f9 07 00
ca f9 07 00 d6 f9 07 00  e2 f9 07 00 f4 f9 07 00
04 fa 07 00 12 fa 07 00  20 fa 07 00 2e fa 07 00
00 00 00 00 48 fa 07 00  5a fa 07 00 68 fa 07 00
76 fa 07 00 00 00 00 00  90 fa 07 00 a4 fa 07 00
b4 fa 07 00 00 00 00 00  d0 fa 07 00 e0 fa 07 00
f6 fa 07 00 00 00 00 00  18 fb 07 00 26 fb 07 00
34 fb 07 00 42 fb 07 00  00 00 00 00 64 fb 07 00
78 fb 07 00 88 fb 07 00  00 00 00 00 a4 fb 07 00
b0 fb 07 00 bc fb 07 00  d2 fb 07 00 e2 fb 07 00
f2 fb 07 00 fa fb 07 00  0c fc 07 00 1e fc 07 00
30 fc 07 00 3c fc 07 00  4c fc 07 00 5c fc 07 00
6a fc 07 00 76 fc 07 00  8c fc 07 00 96 fc 07 00
a6 fc 07 00 b6 fc 07 00  c6 fc 07 00 de fc 07 00
fa fc 07 00 0a fd 07 00  1a fd 07 00 2a fd 07 00
38 fd 07 00 46 fd 07 00  58 fd 07 00 6c fd 07 00
7a fd 07 00 8c fd 07 00  9c fd 07 00 aa fd 07 00
ba fd 07 00 cc fd 07 00  dc fd 07 00 f0 fd 07 00
00 fe 07 00 12 fe 07 00  26 fe 07 00 3c fe 07 00
4e fe 07 00 5e fe 07 00  6e fe 07 00 82 fe 07 00
94 fe 07 00 aa fe 07 00  c0 fe 07 00 cc fe 07 00
d6 fe 07 00 e6 fe 07 00  f4 fe 07 00 06 ff 07 00
16 ff 07 00 2a ff 07 00  42 ff 07 00 5a ff 07 00
6a ff 07 00 78 ff 07 00  88 ff 07 00 9a ff 07 00
00 00 00 00 b2 ff 07 00  c4 ff 07 00 d2 ff 07 00
e4 ff 07 00 fa ff 07 00  0e 00 08 00 1e 00 08 00
32 00 08 00 3c 00 08 00  48 00 08 00 5e 00 08 00
72 00 08 00 82 00 08 00  8e 00 08 00 9c 00 08 00
ac 00 08 00 bc 00 08 00  c6 00 08 00 d2 00 08 00
de 00 08 00 ec 00 08 00  fe 00 08 00 0a 01 08 00
1c 01 08 00 26 01 08 00  32 01 08 00 3c 01 08 00
46 01 08 00 5a 01 08 00  6c 01 08 00 82 01 08 00
94 01 08 00 ac 01 08 00  c6 01 08 00 d8 01 08 00
e4 01 08 00 f8 01 08 00  06 02 08 00 26 02 08 00
3e 02 08 00 54 02 08 00  64 02 08 00 70 02 08 00
84 02 08 00 92 02 08 00  aa 02 08 00 b8 02 08 00
c8 02 08 00 d8 02 08 00  e4 02 08 00 f6 02 08 00
06 03 08 00 1a 03 08 00  26 03 08 00 3a 03 08 00
4e 03 08 00 5e 03 08 00  76 03 08 00 8c 03 08 00
9e 03 08 00 b2 03 08 00  c8 03 08 00 e2 03 08 00
f8 03 08 00 08 04 08 00  1c 04 08 00 00 00 00 00
32 04 08 00 44 04 08 00  50 04 08 00 5e 04 08 00
6e 04 08 00 82 04 08 00  98 04 08 00 ac 04 08 00
c4 04 08 00 d6 04 08 00  ee 04 08 00 fc 04 08 00
0c 05 08 00 1e 05 08 00  2c 05 08 00 40 05 08 00
52 05 08 00 62 05 08 00  78 05 08 00 8a 05 08 00
96 05 08 00 a8 05 08 00  b8 05 08 00 c8 05 08 00
d2 05 08 00 de 05 08 00  f2 05 08 00 fc 05 08 00
12 06 08 00 1e 06 08 00  2a 06 08 00 3a 06 08 00
48 06 08 00 5a 06 08 00  6a 06 08 00 7a 06 08 00
8c 06 08 00 9a 06 08 00  a8 06 08 00 b4 06 08 00
c6 06 08 00 e0 06 08 00  fc 06 08 00 0e 07 08 00
1e 07 08 00 2a 07 08 00  3c 07 08 00 4c 07 08 00
5c 07 08 00 6a 07 08 00  78 07 08 00 86 07 08 00
98 07 08 00 aa 07 08 00  b8 07 08 00 ce 07 08 00
da 07 08 00 e8 07 08 00  f6 07 08 00 02 08 08 00
0e 08 08 00 20 08 08 00  32 08 08 00 3e 08 08 00
4c 08 08 00 58 08 08 00  6c 08 08 00 76 08 08 00
88 08 08 00 98 08 08 00  aa 08 08 00 b8 08 08 00
c6 08 08 00 e2 08 08 00  f4 08 08 00 04 09 08 00
1a 09 08 00 2c 09 08 00  3a 09 08 00 4a 09 08 00
5e 09 08 00 6e 09 08 00  7c 09 08 00 8a 09 08 00
9c 09 08 00 ac 09 08 00  bc 09 08 00 c8 09 08 00
d4 09 08 00 e0 09 08 00  f2 09 08 00 02 0a 08 00
16 0a 08 00 26 0a 08 00  3a 0a 08 00 44 0a 08 00
5a 0a 08 00 6e 0a 08 00  86 0a 08 00 9a 0a 08 00
a8 0a 08 00 ba 0a 08 00  c8 0a 08 00 de 0a 08 00
ea 0a 08 00 fe 0a 08 00  08 0b 08 00 10 0b 08 00
20 0b 08 00 2c 0b 08 00  40 0b 08 00 50 0b 08 00
60 0b 08 00 70 0b 08 00  7e 0b 08 00 90 0b 08 00
9c 0b 08 00 aa 0b 08 00  b6 0b 08 00 c2 0b 08 00
d0 0b 08 00 e4 0b 08 00  f0 0b 08 00 00 0c 08 00
12 0c 08 00 24 0c 08 00  30 0c 08 00 3e 0c 08 00
4c 0c 08 00 58 0c 08 00  6c 0c 08 00 7c 0c 08 00
88 0c 08 00 9c 0c 08 00  ac 0c 08 00 ba 0c 08 00
c8 0c 08 00 d8 0c 08 00  e6 0c 08 00 f8 0c 08 00
0c 0d 08 00 1c 0d 08 00  2e 0d 08 00 40 0d 08 00
4e 0d 08 00 5c 0d 08 00  6e 0d 08 00 7e 0d 08 00
90 0d 08 00 a2 0d 08 00  b0 0d 08 00 bc 0d 08 00
ce 0d 08 00 dc 0d 08 00  ee 0d 08 00 04 0e 08 00
00 00 00 00 2c 0e 08 00  00 00 00 00 42 0e 08 00
58 0e 08 00 6e 0e 08 00  84 0e 08 00 9a 0e 08 00
b0 0e 08 00 c2 0e 08 00  d4 0e 08 00 ea 0e 08 00
fc 0e 08 00 0a 0f 08 00  1a 0f 08 00 00 00 00 00
32 0f 08 00 44 0f 08 00  00 00 00 00 62 0f 08 00
72 0f 08 00 00 00 00 00  90 0f 08 00 a8 0f 08 00
c0 0f 08 00 d2 0f 08 00  e4 0f 08 00 fe 0f 08 00
1a 10 08 00 3a 10 08 00  50 10 08 00 66 10 08 00
7c 10 08 00 90 10 08 00  a6 10 08 00 ba 10 08 00
ce 10 08 00 e2 10 08 00  f4 10 08 00 0c 11 08 00
24 11 08 00 3c 11 08 00  4c 11 08 00 66 11 08 00
7a 11 08 00 8e 11 08 00  00 00 00 00 6b 65 72 6e
65 6c 33 32 2e 64 6c 6c  00 00 00 00 44 65 6c 65
74 65 43 72 69 74 69 63  61 6c 53 65 63 74 69 6f
6e 00 00 00 4c 65 61 76  65 43 72 69 74 69 63 61
6c 53 65 63 74 69 6f 6e  00 00 00 00 45 6e 74 65
72 43 72 69 74 69 63 61  6c 53 65 63 74 69 6f 6e
00 00 00 00 49 6e 69 74  69 61 6c 69 7a 65 43 72
69 74 69 63 61 6c 53 65  63 74 69 6f 6e 00 00 00
56 69 72 74 75 61 6c 46  72 65 65 00 00 00 56 69
72 74 75 61 6c 41 6c 6c  6f 63 00 00 00 00 4c 6f
63 61 6c 46 72 65 65 00  00 00 4c 6f 63 61 6c 41
6c 6c 6f 63 00 00 00 00  47 65 74 43 75 72 72 65
6e 74 54 68 72 65 61 64  49 64 00 00 00 00 49 6e
74 65 72 6c 6f 63 6b 65  64 44 65 63 72 65 6d 65
6e 74 00 00 00 00 49 6e  74 65 72 6c 6f 63 6b 65
64 49 6e 63 72 65 6d 65  6e 74 00 00 00 00 56 69
72 74 75 61 6c 51 75 65  72 79 00 00 00 00 57 69
64 65 43 68 61 72 54 6f  4d 75 6c 74 69 42 79 74
65 00 00 00 4d 75 6c 74  69 42 79 74 65 54 6f 57
69 64 65 43 68 61 72 00  00 00 6c 73 74 72 6c 65
6e 41 00 00 00 00 6c 73  74 72 63 70 79 6e 41 00
00 00 4c 6f 61 64 4c 69  62 72 61 72 79 45 78 41
00 00 00 00 47 65 74 54  68 72 65 61 64 4c 6f 63
61 6c 65 00 00 00 47 65  74 53 74 61 72 74 75 70
49 6e 66 6f 41 00 00 00  47 65 74 50 72 6f 63 41
64 64 72 65 73 73 00 00  00 00 47 65 74 4d 6f 64
75 6c 65 48 61 6e 64 6c  65 41 00 00 00 00 47 65
74 4d 6f 64 75 6c 65 46  69 6c 65 4e 61 6d 65 41
00 00 00 00 47 65 74 4c  6f 63 61 6c 65 49 6e 66
6f 41 00 00 00 00 47 65  74 4c 61 73 74 45 72 72
6f 72 00 00 00 00 47 65  74 43 6f 6d 6d 61 6e 64
4c 69 6e 65 41 00 00 00  46 72 65 65 4c 69 62 72
61 72 79 00 00 00 46 69  6e 64 46 69 72 73 74 46
69 6c 65 41 00 00 00 00  46 69 6e 64 43 6c 6f 73
65 00 00 00 45 78 69 74  50 72 6f 63 65 73 73 00
00 00 57 72 69 74 65 46  69 6c 65 00 00 00 55 6e
68 61 6e 64 6c 65 64 45  78 63 65 70 74 69 6f 6e
46 69 6c 74 65 72 00 00  00 00 53 65 74 46 69 6c
65 50 6f 69 6e 74 65 72  00 00 00 00 53 65 74 45
6e 64 4f 66 46 69 6c 65  00 00 00 00 52 74 6c 55
6e 77 69 6e 64 00 00 00  52 65 61 64 46 69 6c 65
00 00 00 00 52 61 69 73  65 45 78 63 65 70 74 69
6f 6e 00 00 00 00 47 65  74 53 74 64 48 61 6e 64
6c 65 00 00 00 00 47 65  74 46 69 6c 65 53 69 7a
65 00 00 00 47 65 74 46  69 6c 65 54 79 70 65 00
00 00 43 72 65 61 74 65  46 69 6c 65 41 00 00 00
43 6c 6f 73 65 48 61 6e  64 6c 65 00 75 73 65 72
33 32 2e 64 6c 6c 00 00  00 00 47 65 74 4b 65 79
62 6f 61 72 64 54 79 70  65 00 00 00 4c 6f 61 64
53 74 72 69 6e 67 41 00  00 00 4d 65 73 73 61 67
65 42 6f 78 41 00 00 00  43 68 61 72 4e 65 78 74
41 00 61 64 76 61 70 69  33 32 2e 64 6c 6c 00 00
00 00 52 65 67 51 75 65  72 79 56 61 6c 75 65 45
78 41 00 00 00 00 52 65  67 4f 70 65 6e 4b 65 79
45 78 41 00 00 00 52 65  67 43 6c 6f 73 65 4b 65
79 00 6f 6c 65 61 75 74  33 32 2e 64 6c 6c 00 00
00 00 53 79 73 46 72 65  65 53 74 72 69 6e 67 00
00 00 53 79 73 52 65 41  6c 6c 6f 63 53 74 72 69
6e 67 4c 65 6e 00 00 00  53 79 73 41 6c 6c 6f 63
53 74 72 69 6e 67 4c 65  6e 00 6b 65 72 6e 65 6c
33 32 2e 64 6c 6c 00 00  00 00 54 6c 73 53 65 74
56 61 6c 75 65 00 00 00  54 6c 73 47 65 74 56 61
6c 75 65 00 00 00 4c 6f  63 61 6c 41 6c 6c 6f 63
00 00 00 00 47 65 74 4d  6f 64 75 6c 65 48 61 6e
64 6c 65 41 00 00 61 64  76 61 70 69 33 32 2e 64
6c 6c 00 00 00 00 52 65  67 51 75 65 72 79 56 61
6c 75 65 45 78 41 00 00  00 00 52 65 67 4f 70 65
6e 4b 65 79 45 78 41 00  00 00 52 65 67 43 6c 6f
73 65 4b 65 79 00 6b 65  72 6e 65 6c 33 32 2e 64
6c 6c 00 00 00 00 6c 73  74 72 63 70 79 41 00 00
00 00 57 72 69 74 65 46  69 6c 65 00 00 00 57 61
69 74 46 6f 72 53 69 6e  67 6c 65 4f 62 6a 65 63
74 00 00 00 56 69 72 74  75 61 6c 51 75 65 72 79
00 00 00 00 56 69 72 74  75 61 6c 41 6c 6c 6f 63
00 00 00 00 53 6c 65 65  70 00 00 00 53 69 7a 65
6f 66 52 65 73 6f 75 72  63 65 00 00 00 00 53 65
74 54 68 72 65 61 64 4c  6f 63 61 6c 65 00 00 00
53 65 74 46 69 6c 65 50  6f 69 6e 74 65 72 00 00
00 00 53 65 74 45 76 65  6e 74 00 00 00 00 53 65
74 45 72 72 6f 72 4d 6f  64 65 00 00 00 00 53 65
74 45 6e 64 4f 66 46 69  6c 65 00 00 00 00 52 65
73 65 74 45 76 65 6e 74  00 00 00 00 52 65 61 64
46 69 6c 65 00 00 00 00  4d 75 6c 74 69 42 79 74
65 54 6f 57 69 64 65 43  68 61 72 00 00 00 4d 75
6c 44 69 76 00 00 00 00  4c 6f 63 6b 52 65 73 6f
75 72 63 65 00 00 00 00  4c 6f 61 64 52 65 73 6f
75 72 63 65 00 00 00 00  4c 6f 61 64 4c 69 62 72
61 72 79 41 00 00 00 00  4c 65 61 76 65 43 72 69
74 69 63 61 6c 53 65 63  74 69 6f 6e 00 00 00 00
49 6e 69 74 69 61 6c 69  7a 65 43 72 69 74 69 63
61 6c 53 65 63 74 69 6f  6e 00 00 00 47 6c 6f 62
61 6c 55 6e 6c 6f 63 6b  00 00 00 00 47 6c 6f 62
61 6c 52 65 41 6c 6c 6f  63 00 00 00 47 6c 6f 62
61 6c 48 61 6e 64 6c 65  00 00 00 00 47 6c 6f 62
61 6c 4c 6f 63 6b 00 00  00 00 47 6c 6f 62 61 6c
46 72 65 65 00 00 00 00  47 6c 6f 62 61 6c 46 69
6e 64 41 74 6f 6d 41 00  00 00 47 6c 6f 62 61 6c
44 65 6c 65 74 65 41 74  6f 6d 00 00 00 00 47 6c
6f 62 61 6c 41 6c 6c 6f  63 00 00 00 47 6c 6f 62
61 6c 41 64 64 41 74 6f  6d 41 00 00 00 00 47 65
74 56 65 72 73 69 6f 6e  45 78 41 00 00 00 47 65
74 56 65 72 73 69 6f 6e  00 00 00 00 47 65 74 54
69 63 6b 43 6f 75 6e 74  00 00 00 00 47 65 74 54
68 72 65 61 64 4c 6f 63  61 6c 65 00 00 00 47 65
74 53 79 73 74 65 6d 49  6e 66 6f 00 00 00 47 65
74 53 74 72 69 6e 67 54  79 70 65 45 78 41 00 00
00 00 47 65 74 53 74 64  48 61 6e 64 6c 65 00 00
00 00 47 65 74 50 72 6f  63 41 64 64 72 65 73 73
00 00 00 00 47 65 74 4d  6f 64 75 6c 65 48 61 6e
64 6c 65 41 00 00 00 00  47 65 74 4d 6f 64 75 6c
65 46 69 6c 65 4e 61 6d  65 41 00 00 00 00 47 65
74 4c 6f 63 61 6c 65 49  6e 66 6f 41 00 00 00 00
47 65 74 4c 6f 63 61 6c  54 69 6d 65 00 00 00 00
47 65 74 4c 61 73 74 45  72 72 6f 72 00 00 00 00
47 65 74 44 69 73 6b 46  72 65 65 53 70 61 63 65
41 00 00 00 47 65 74 44  61 74 65 46 6f 72 6d 61
74 41 00 00 00 00 47 65  74 43 75 72 72 65 6e 74
54 68 72 65 61 64 49 64  00 00 00 00 47 65 74 43
75 72 72 65 6e 74 50 72  6f 63 65 73 73 49 64 00
00 00 47 65 74 43 50 49  6e 66 6f 00 00 00 47 65
74 41 43 50 00 00 00 00  46 72 65 65 52 65 73 6f
75 72 63 65 00 00 00 00  46 72 65 65 4c 69 62 72
61 72 79 00 00 00 46 6f  72 6d 61 74 4d 65 73 73
61 67 65 41 00 00 00 00  46 69 6e 64 52 65 73 6f
75 72 63 65 41 00 00 00  45 6e 75 6d 43 61 6c 65
6e 64 61 72 49 6e 66 6f  41 00 00 00 45 6e 74 65
72 43 72 69 74 69 63 61  6c 53 65 63 74 69 6f 6e
00 00 00 00 44 65 6c 65  74 65 43 72 69 74 69 63
61 6c 53 65 63 74 69 6f  6e 00 00 00 43 72 65 61
74 65 54 68 72 65 61 64  00 00 00 00 43 72 65 61
74 65 46 69 6c 65 41 00  00 00 43 72 65 61 74 65
45 76 65 6e 74 41 00 00  00 00 43 6f 6d 70 61 72
65 53 74 72 69 6e 67 41  00 00 00 00 43 6c 6f 73
65 48 61 6e 64 6c 65 00  67 64 69 33 32 2e 64 6c
6c 00 00 00 55 6e 72 65  61 6c 69 7a 65 4f 62 6a
65 63 74 00 00 00 53 74  72 65 74 63 68 42 6c 74
00 00 00 00 53 65 74 57  69 6e 64 6f 77 4f 72 67
45 78 00 00 00 00 53 65  74 57 69 6e 4d 65 74 61
46 69 6c 65 42 69 74 73  00 00 00 00 53 65 74 56
69 65 77 70 6f 72 74 4f  72 67 45 78 00 00 00 00
53 65 74 54 65 78 74 43  6f 6c 6f 72 00 00 00 00
53 65 74 53 74 72 65 74  63 68 42 6c 74 4d 6f 64
65 00 00 00 53 65 74 52  4f 50 32 00 00 00 53 65
74 50 69 78 65 6c 00 00  00 00 53 65 74 45 6e 68
4d 65 74 61 46 69 6c 65  42 69 74 73 00 00 00 00
53 65 74 44 49 42 43 6f  6c 6f 72 54 61 62 6c 65
00 00 00 00 53 65 74 42  72 75 73 68 4f 72 67 45
78 00 00 00 53 65 74 42  6b 4d 6f 64 65 00 00 00
53 65 74 42 6b 43 6f 6c  6f 72 00 00 00 00 53 65
6c 65 63 74 50 61 6c 65  74 74 65 00 00 00 53 65
6c 65 63 74 4f 62 6a 65  63 74 00 00 00 00 53 61
76 65 44 43 00 00 00 00  52 65 73 74 6f 72 65 44
43 00 00 00 52 65 63 74  61 6e 67 6c 65 00 00 00
52 65 63 74 56 69 73 69  62 6c 65 00 00 00 52 65
61 6c 69 7a 65 50 61 6c  65 74 74 65 00 00 00 00
50 6f 6c 79 6c 69 6e 65  00 00 00 00 50 6c 61 79
45 6e 68 4d 65 74 61 46  69 6c 65 00 00 00 50 61
74 42 6c 74 00 00 00 00  4d 6f 76 65 54 6f 45 78
00 00 00 00 4d 61 73 6b  42 6c 74 00 00 00 4c 69
6e 65 54 6f 00 00 00 00  49 6e 74 65 72 73 65 63
74 43 6c 69 70 52 65 63  74 00 00 00 47 65 74 57
69 6e 64 6f 77 4f 72 67  45 78 00 00 00 00 47 65
74 57 69 6e 4d 65 74 61  46 69 6c 65 42 69 74 73
00 00 00 00 47 65 74 54  65 78 74 4d 65 74 72 69
63 73 41 00 00 00 47 65  74 54 65 78 74 45 78 74
65 6e 74 50 6f 69 6e 74  33 32 41 00 00 00 47 65
74 53 79 73 74 65 6d 50  61 6c 65 74 74 65 45 6e
74 72 69 65 73 00 00 00  47 65 74 53 74 6f 63 6b
4f 62 6a 65 63 74 00 00  00 00 47 65 74 50 69 78
65 6c 00 00 00 00 47 65  74 50 61 6c 65 74 74 65
45 6e 74 72 69 65 73 00  00 00 47 65 74 4f 62 6a
65 63 74 41 00 00 00 00  47 65 74 45 6e 68 4d 65
74 61 46 69 6c 65 50 61  6c 65 74 74 65 45 6e 74
72 69 65 73 00 00 00 00  47 65 74 45 6e 68 4d 65
74 61 46 69 6c 65 48 65  61 64 65 72 00 00 00 00
47 65 74 45 6e 68 4d 65  74 61 46 69 6c 65 42 69
74 73 00 00 00 00 47 65  74 44 65 76 69 63 65 43
61 70 73 00 00 00 47 65  74 44 49 42 69 74 73 00
00 00 47 65 74 44 49 42  43 6f 6c 6f 72 54 61 62
6c 65 00 00 00 00 47 65  74 44 43 4f 72 67 45 78
00 00 00 00 47 65 74 43  75 72 72 65 6e 74 50 6f
73 69 74 69 6f 6e 45 78  00 00 00 00 47 65 74 43
6c 69 70 42 6f 78 00 00  00 00 47 65 74 42 72 75
73 68 4f 72 67 45 78 00  00 00 47 65 74 42 69 74
6d 61 70 42 69 74 73 00  00 00 47 64 69 46 6c 75
73 68 00 00 00 00 45 78  63 6c 75 64 65 43 6c 69
70 52 65 63 74 00 00 00  44 65 6c 65 74 65 4f 62
6a 65 63 74 00 00 00 00  44 65 6c 65 74 65 45 6e
68 4d 65 74 61 46 69 6c  65 00 00 00 44 65 6c 65
74 65 44 43 00 00 00 00  43 72 65 61 74 65 53 6f
6c 69 64 42 72 75 73 68  00 00 00 00 43 72 65 61
74 65 50 65 6e 49 6e 64  69 72 65 63 74 00 00 00
43 72 65 61 74 65 50 61  6c 65 74 74 65 00 00 00
43 72 65 61 74 65 48 61  6c 66 74 6f 6e 65 50 61
6c 65 74 74 65 00 00 00  43 72 65 61 74 65 46 6f
6e 74 49 6e 64 69 72 65  63 74 41 00 00 00 43 72
65 61 74 65 44 49 42 69  74 6d 61 70 00 00 00 00
43 72 65 61 74 65 44 49  42 53 65 63 74 69 6f 6e
00 00 00 00 43 72 65 61  74 65 43 6f 6d 70 61 74
69 62 6c 65 44 43 00 00  00 00 43 72 65 61 74 65
43 6f 6d 70 61 74 69 62  6c 65 42 69 74 6d 61 70
00 00 00 00 43 72 65 61  74 65 42 72 75 73 68 49
6e 64 69 72 65 63 74 00  00 00 43 72 65 61 74 65
42 69 74 6d 61 70 00 00  00 00 43 6f 70 79 45 6e
68 4d 65 74 61 46 69 6c  65 41 00 00 00 00 42 69
74 42 6c 74 00 00 75 73  65 72 33 32 2e 64 6c 6c
00 00 00 00 57 69 6e 64  6f 77 46 72 6f 6d 50 6f
69 6e 74 00 00 00 57 69  6e 48 65 6c 70 41 00 00
00 00 57 61 69 74 4d 65  73 73 61 67 65 00 00 00
55 70 64 61 74 65 57 69  6e 64 6f 77 00 00 00 00
55 6e 72 65 67 69 73 74  65 72 43 6c 61 73 73 41
00 00 00 00 55 6e 68 6f  6f 6b 57 69 6e 64 6f 77
73 48 6f 6f 6b 45 78 00  00 00 54 72 61 6e 73 6c
61 74 65 4d 65 73 73 61  67 65 00 00 00 00 54 72
61 6e 73 6c 61 74 65 4d  44 49 53 79 73 41 63 63
65 6c 00 00 00 00 54 72  61 63 6b 50 6f 70 75 70
4d 65 6e 75 00 00 00 00  53 79 73 74 65 6d 50 61
72 61 6d 65 74 65 72 73  49 6e 66 6f 41 00 00 00
53 68 6f 77 57 69 6e 64  6f 77 00 00 00 00 53 68
6f 77 53 63 72 6f 6c 6c  42 61 72 00 00 00 53 68
6f 77 4f 77 6e 65 64 50  6f 70 75 70 73 00 00 00
53 68 6f 77 43 75 72 73  6f 72 00 00 00 00 53 65
74 57 69 6e 64 6f 77 73  48 6f 6f 6b 45 78 41 00
00 00 53 65 74 57 69 6e  64 6f 77 54 65 78 74 41
00 00 00 00 53 65 74 57  69 6e 64 6f 77 50 6f 73
00 00 00 00 53 65 74 57  69 6e 64 6f 77 50 6c 61
63 65 6d 65 6e 74 00 00  00 00 53 65 74 57 69 6e
64 6f 77 4c 6f 6e 67 41  00 00 00 00 53 65 74 54
69 6d 65 72 00 00 00 00  53 65 74 53 63 72 6f 6c
6c 52 61 6e 67 65 00 00  00 00 53 65 74 53 63 72
6f 6c 6c 50 6f 73 00 00  00 00 53 65 74 53 63 72
6f 6c 6c 49 6e 66 6f 00  00 00 53 65 74 52 65 63
74 00 00 00 53 65 74 50  72 6f 70 41 00 00 00 00
53 65 74 4d 65 6e 75 49  74 65 6d 49 6e 66 6f 41
00 00 00 00 53 65 74 4d  65 6e 75 00 00 00 53 65
74 46 6f 72 65 67 72 6f  75 6e 64 57 69 6e 64 6f
77 00 00 00 53 65 74 46  6f 63 75 73 00 00 00 00
53 65 74 43 75 72 73 6f  72 00 00 00 53 65 74 43
6c 61 73 73 4c 6f 6e 67  41 00 00 00 53 65 74 43
61 70 74 75 72 65 00 00  00 00 53 65 74 41 63 74
69 76 65 57 69 6e 64 6f  77 00 00 00 53 65 6e 64
4d 65 73 73 61 67 65 41  00 00 00 00 53 63 72 6f
6c 6c 57 69 6e 64 6f 77  00 00 00 00 53 63 72 65
65 6e 54 6f 43 6c 69 65  6e 74 00 00 00 00 52 65
6d 6f 76 65 50 72 6f 70  41 00 00 00 52 65 6d 6f
76 65 4d 65 6e 75 00 00  00 00 52 65 6c 65 61 73
65 44 43 00 00 00 52 65  6c 65 61 73 65 43 61 70
74 75 72 65 00 00 00 00  52 65 67 69 73 74 65 72
57 69 6e 64 6f 77 4d 65  73 73 61 67 65 41 00 00
00 00 52 65 67 69 73 74  65 72 43 6c 69 70 62 6f
61 72 64 46 6f 72 6d 61  74 41 00 00 00 00 52 65
67 69 73 74 65 72 43 6c  61 73 73 41 00 00 00 00
52 65 64 72 61 77 57 69  6e 64 6f 77 00 00 00 00
50 74 49 6e 52 65 63 74  00 00 00 00 50 6f 73 74
51 75 69 74 4d 65 73 73  61 67 65 00 00 00 50 6f
73 74 4d 65 73 73 61 67  65 41 00 00 00 00 50 65
65 6b 4d 65 73 73 61 67  65 41 00 00 00 00 4f 66
66 73 65 74 52 65 63 74  00 00 00 00 4f 65 6d 54
6f 43 68 61 72 41 00 00  00 00 4d 65 73 73 61 67
65 42 6f 78 41 00 00 00  4d 61 70 57 69 6e 64 6f
77 50 6f 69 6e 74 73 00  00 00 4d 61 70 56 69 72
74 75 61 6c 4b 65 79 41  00 00 00 00 4c 6f 61 64
53 74 72 69 6e 67 41 00  00 00 4c 6f 61 64 4b 65
79 62 6f 61 72 64 4c 61  79 6f 75 74 41 00 00 00
4c 6f 61 64 49 63 6f 6e  41 00 00 00 4c 6f 61 64
43 75 72 73 6f 72 41 00  00 00 4c 6f 61 64 42 69
74 6d 61 70 41 00 00 00  4b 69 6c 6c 54 69 6d 65
72 00 00 00 49 73 5a 6f  6f 6d 65 64 00 00 00 00
49 73 57 69 6e 64 6f 77  56 69 73 69 62 6c 65 00
00 00 49 73 57 69 6e 64  6f 77 45 6e 61 62 6c 65
64 00 00 00 49 73 57 69  6e 64 6f 77 00 00 00 00
49 73 52 65 63 74 45 6d  70 74 79 00 00 00 49 73
49 63 6f 6e 69 63 00 00  00 00 49 73 44 69 61 6c
6f 67 4d 65 73 73 61 67  65 41 00 00 00 00 49 73
43 68 69 6c 64 00 00 00  49 6e 76 61 6c 69 64 61
74 65 52 65 63 74 00 00  00 00 49 6e 74 65 72 73
65 63 74 52 65 63 74 00  00 00 49 6e 73 65 72 74
4d 65 6e 75 49 74 65 6d  41 00 00 00 49 6e 73 65
72 74 4d 65 6e 75 41 00  00 00 49 6e 66 6c 61 74
65 52 65 63 74 00 00 00  47 65 74 57 69 6e 64 6f
77 54 68 72 65 61 64 50  72 6f 63 65 73 73 49 64
00 00 00 00 47 65 74 57  69 6e 64 6f 77 54 65 78
74 41 00 00 00 00 47 65  74 57 69 6e 64 6f 77 52
65 63 74 00 00 00 47 65  74 57 69 6e 64 6f 77 50
6c 61 63 65 6d 65 6e 74  00 00 00 00 47 65 74 57
69 6e 64 6f 77 4c 6f 6e  67 41 00 00 00 00 47 65
74 57 69 6e 64 6f 77 44  43 00 00 00 47 65 74 54
6f 70 57 69 6e 64 6f 77  00 00 00 00 47 65 74 53
79 73 74 65 6d 4d 65 74  72 69 63 73 00 00 00 00
47 65 74 53 79 73 74 65  6d 4d 65 6e 75 00 00 00
47 65 74 53 79 73 43 6f  6c 6f 72 00 00 00 47 65
74 53 75 62 4d 65 6e 75  00 00 00 00 47 65 74 53
63 72 6f 6c 6c 52 61 6e  67 65 00 00 00 00 47 65
74 53 63 72 6f 6c 6c 50  6f 73 00 00 00 00 47 65
74 53 63 72 6f 6c 6c 49  6e 66 6f 00 00 00 47 65
74 50 72 6f 70 41 00 00  00 00 47 65 74 50 61 72
65 6e 74 00 00 00 47 65  74 57 69 6e 64 6f 77 00
00 00 47 65 74 4d 65 6e  75 53 74 72 69 6e 67 41
00 00 00 00 47 65 74 4d  65 6e 75 53 74 61 74 65
00 00 00 00 47 65 74 4d  65 6e 75 49 74 65 6d 49
6e 66 6f 41 00 00 00 00  47 65 74 4d 65 6e 75 49
74 65 6d 49 44 00 00 00  47 65 74 4d 65 6e 75 49
74 65 6d 43 6f 75 6e 74  00 00 00 00 47 65 74 4d
65 6e 75 00 00 00 47 65  74 4c 61 73 74 41 63 74
69 76 65 50 6f 70 75 70  00 00 00 00 47 65 74 4b
65 79 62 6f 61 72 64 53  74 61 74 65 00 00 00 00
47 65 74 4b 65 79 62 6f  61 72 64 4c 61 79 6f 75
74 4c 69 73 74 00 00 00  47 65 74 4b 65 79 62 6f
61 72 64 4c 61 79 6f 75  74 00 00 00 47 65 74 4b
65 79 53 74 61 74 65 00  00 00 47 65 74 4b 65 79
4e 61 6d 65 54 65 78 74  41 00 00 00 47 65 74 49
63 6f 6e 49 6e 66 6f 00  00 00 47 65 74 46 6f 72
65 67 72 6f 75 6e 64 57  69 6e 64 6f 77 00 00 00
47 65 74 46 6f 63 75 73  00 00 00 00 47 65 74 44
65 73 6b 74 6f 70 57 69  6e 64 6f 77 00 00 00 00
47 65 74 44 43 45 78 00  00 00 47 65 74 44 43 00
00 00 47 65 74 43 75 72  73 6f 72 50 6f 73 00 00
00 00 47 65 74 43 75 72  73 6f 72 00 00 00 47 65
74 43 6c 69 70 62 6f 61  72 64 44 61 74 61 00 00
00 00 47 65 74 43 6c 69  65 6e 74 52 65 63 74 00
00 00 47 65 74 43 6c 61  73 73 4e 61 6d 65 41 00
00 00 47 65 74 43 6c 61  73 73 49 6e 66 6f 41 00
00 00 47 65 74 43 61 70  74 75 72 65 00 00 00 00
47 65 74 41 63 74 69 76  65 57 69 6e 64 6f 77 00
00 00 46 72 61 6d 65 52  65 63 74 00 00 00 46 69
6e 64 57 69 6e 64 6f 77  41 00 00 00 46 69 6c 6c
52 65 63 74 00 00 00 00  45 71 75 61 6c 52 65 63
74 00 00 00 45 6e 75 6d  57 69 6e 64 6f 77 73 00
00 00 45 6e 75 6d 54 68  72 65 61 64 57 69 6e 64
6f 77 73 00 00 00 45 6e  64 50 61 69 6e 74 00 00
00 00 45 6e 61 62 6c 65  57 69 6e 64 6f 77 00 00
00 00 45 6e 61 62 6c 65  53 63 72 6f 6c 6c 42 61
72 00 00 00 45 6e 61 62  6c 65 4d 65 6e 75 49 74
65 6d 00 00 00 00 44 72  61 77 54 65 78 74 41 00
00 00 44 72 61 77 4d 65  6e 75 42 61 72 00 00 00
44 72 61 77 49 63 6f 6e  45 78 00 00 00 00 44 72
61 77 49 63 6f 6e 00 00  00 00 44 72 61 77 46 72
61 6d 65 43 6f 6e 74 72  6f 6c 00 00 00 00 44 72
61 77 46 6f 63 75 73 52  65 63 74 00 00 00 44 72
61 77 45 64 67 65 00 00  00 00 44 69 73 70 61 74
63 68 4d 65 73 73 61 67  65 41 00 00 00 00 44 65
73 74 72 6f 79 57 69 6e  64 6f 77 00 00 00 44 65
73 74 72 6f 79 4d 65 6e  75 00 00 00 44 65 73 74
72 6f 79 49 63 6f 6e 00  00 00 44 65 73 74 72 6f
79 43 75 72 73 6f 72 00  00 00 44 65 6c 65 74 65
4d 65 6e 75 00 00 00 00  44 65 66 57 69 6e 64 6f
77 50 72 6f 63 41 00 00  00 00 44 65 66 4d 44 49
43 68 69 6c 64 50 72 6f  63 41 00 00 00 00 44 65
66 46 72 61 6d 65 50 72  6f 63 41 00 00 00 43 72
65 61 74 65 57 69 6e 64  6f 77 45 78 41 00 00 00
43 72 65 61 74 65 50 6f  70 75 70 4d 65 6e 75 00
00 00 43 72 65 61 74 65  4d 65 6e 75 00 00 00 00
43 72 65 61 74 65 49 63  6f 6e 00 00 00 00 43 6c
69 65 6e 74 54 6f 53 63  72 65 65 6e 00 00 00 00
43 68 65 63 6b 4d 65 6e  75 49 74 65 6d 00 00 00
43 61 6c 6c 57 69 6e 64  6f 77 50 72 6f 63 41 00
00 00 43 61 6c 6c 4e 65  78 74 48 6f 6f 6b 45 78
00 00 00 00 42 65 67 69  6e 50 61 69 6e 74 00 00
00 00 43 68 61 72 4e 65  78 74 41 00 00 00 43 68
61 72 4c 6f 77 65 72 42  75 66 66 41 00 00 00 00
43 68 61 72 4c 6f 77 65  72 41 00 00 00 00 43 68
61 72 55 70 70 65 72 42  75 66 66 41 00 00 00 00
41 64 6a 75 73 74 57 69  6e 64 6f 77 52 65 63 74
45 78 00 00 00 00 41 63  74 69 76 61 74 65 4b 65
79 62 6f 61 72 64 4c 61  79 6f 75 74 00 00 6b 65
72 6e 65 6c 33 32 2e 64  6c 6c 00 00 00 00 53 6c
65 65 70 00 6f 6c 65 61  75 74 33 32 2e 64 6c 6c
00 00 00 00 53 61 66 65  41 72 72 61 79 50 74 72
4f 66 49 6e 64 65 78 00  00 00 53 61 66 65 41 72
72 61 79 50 75 74 45 6c  65 6d 65 6e 74 00 00 00
53 61 66 65 41 72 72 61  79 47 65 74 45 6c 65 6d
65 6e 74 00 00 00 53 61  66 65 41 72 72 61 79 47
65 74 55 42 6f 75 6e 64  00 00 00 00 53 61 66 65
41 72 72 61 79 47 65 74  4c 42 6f 75 6e 64 00 00
00 00 53 61 66 65 41 72  72 61 79 52 65 64 69 6d
00 00 00 00 53 61 66 65  41 72 72 61 79 43 72 65
61 74 65 00 00 00 56 61  72 69 61 6e 74 43 68 61
6e 67 65 54 79 70 65 45  78 00 00 00 56 61 72 69
61 6e 74 43 6f 70 79 49  6e 64 00 00 00 00 56 61
72 69 61 6e 74 43 6f 70  79 00 00 00 56 61 72 69
61 6e 74 43 6c 65 61 72  00 00 00 00 56 61 72 69
61 6e 74 49 6e 69 74 00  6f 6c 65 33 32 2e 64 6c
6c 00 00 00 43 6f 55 6e  69 6e 69 74 69 61 6c 69
7a 65 00 00 00 00 43 6f  49 6e 69 74 69 61 6c 69
7a 65 00 00 6f 6c 65 61  75 74 33 32 2e 64 6c 6c
00 00 00 00 47 65 74 45  72 72 6f 72 49 6e 66 6f
00 00 00 00 53 79 73 46  72 65 65 53 74 72 69 6e
67 00 63 6f 6d 63 74 6c  33 32 2e 64 6c 6c 00 00
00 00 49 6d 61 67 65 4c  69 73 74 5f 53 65 74 49
63 6f 6e 53 69 7a 65 00  00 00 49 6d 61 67 65 4c
69 73 74 5f 47 65 74 49  63 6f 6e 53 69 7a 65 00
00 00 49 6d 61 67 65 4c  69 73 74 5f 57 72 69 74
65 00 00 00 49 6d 61 67  65 4c 69 73 74 5f 52 65
61 64 00 00 00 00 49 6d  61 67 65 4c 69 73 74 5f
47 65 74 44 72 61 67 49  6d 61 67 65 00 00 00 00
49 6d 61 67 65 4c 69 73  74 5f 44 72 61 67 53 68
6f 77 4e 6f 6c 6f 63 6b  00 00 00 00 49 6d 61 67
65 4c 69 73 74 5f 53 65  74 44 72 61 67 43 75 72
73 6f 72 49 6d 61 67 65  00 00 00 00 49 6d 61 67
65 4c 69 73 74 5f 44 72  61 67 4d 6f 76 65 00 00
00 00 49 6d 61 67 65 4c  69 73 74 5f 44 72 61 67
4c 65 61 76 65 00 00 00  49 6d 61 67 65 4c 69 73
74 5f 44 72 61 67 45 6e  74 65 72 00 00 00 49 6d
61 67 65 4c 69 73 74 5f  45 6e 64 44 72 61 67 00
00 00 49 6d 61 67 65 4c  69 73 74 5f 42 65 67 69
6e 44 72 61 67 00 00 00  49 6d 61 67 65 4c 69 73
74 5f 52 65 6d 6f 76 65  00 00 00 00 49 6d 61 67
65 4c 69 73 74 5f 44 72  61 77 45 78 00 00 00 00
49 6d 61 67 65 4c 69 73  74 5f 52 65 70 6c 61 63
65 00 00 00 49 6d 61 67  65 4c 69 73 74 5f 44 72
61 77 00 00 00 00 49 6d  61 67 65 4c 69 73 74 5f
47 65 74 42 6b 43 6f 6c  6f 72 00 00 00 00 49 6d
61 67 65 4c 69 73 74 5f  53 65 74 42 6b 43 6f 6c
6f 72 00 00 00 00 49 6d  61 67 65 4c 69 73 74 5f
52 65 70 6c 61 63 65 49  63 6f 6e 00 00 00 49 6d
61 67 65 4c 69 73 74 5f  41 64 64 00 00 00 49 6d
61 67 65 4c 69 73 74 5f  47 65 74 49 6d 61 67 65
43 6f 75 6e 74 00 00 00  49 6d 61 67 65 4c 69 73
74 5f 44 65 73 74 72 6f  79 00 00 00 49 6d 61 67
65 4c 69 73 74 5f 43 72  65 61 74 65 00 00 00 00
49 6e 69 74 43 6f 6d 6d  6f 6e 43 6f 6e 74 72 6f
6c 73 00 00 00 00 00 00  00 00 00 00 00 00 00 00
00 00 00 00 00 00 00 00  00 00 00 00 00 00 00 00
00 00 00 00 00 00 00 00  00 00 00 00 00 00 00 00
00 00 00 00 00 00 00 00  00 00 00 00 00 00 00 00
00 00 00 00 00 00 00 00  00 00 00 00 00 00 00 00
00 00 00 00 00 00 00 00  00 00 00 00 00 00 00 00
