d0 63 00 00 00 00 00 00  48 00 00 00 02 00 05 00
7c 3d 00 00 1c 26 00 00  01 00 00 00 25 00 00 06
00 00 00 00 00 00 00 00  00 00 00 00 00 00 00 00
00 00 00 00 00 00 00 00  00 00 00 00 00 00 00 00
00 00 00 00 00 00 00 00  00 00 00 00 00 00 00 00
1b 30 05 00 e9 00 00 00  01 00 00 11 02 15 7d 01
00 00 04 02 15 7d 02 00  00 04 02 28 05 00 00 0a
03 39 0b 00 00 00 03 6f  06 00 00 0a 3a 0b 00 00
00 72 31 00 00 70 73 07  00 00 0a 7a 03 17 8d 08
00 00 01 25 16 1f 2d 9d  6f 08 00 00 0a 0a 06 8e
69 18 3e 0b 00 00 00 72  7d 00 00 70 73 09 00 00
0a 7a 02 06 16 9a 28 0a  00 00 0a 7d 01 00 00 04
dd 0c 00 00 00 26 72 0c  01 00 70 73 09 00 00 0a
7a 02 7b 01 00 00 04 16  3c 0b 00 00 00 72 66 01
00 70 73 09 00 00 0a 7a  06 8e 69 18 40 53 00 00
00 02 06 17 9a 28 0a 00  00 0a 7d 02 00 00 04 dd
0c 00 00 00 26 72 0c 01  00 70 73 09 00 00 0a 7a
02 7b 02 00 00 04 02 7b  01 00 00 04 3c 0b 00 00
00 72 98 01 00 70 73 09  00 00 0a 7a 02 7b 02 00
00 04 02 7b 01 00 00 04  40 07 00 00 00 02 15 7d
02 00 00 04 2a 00 00 00  01 1c 00 00 00 00 56 00
13 69 00 0c 0a 00 00 01  00 00 95 00 13 a8 00 0c
0a 00 00 01 1e 02 7b 01  00 00 04 2a 1e 02 7b 02
00 00 04 2a 6a 02 7b 02  00 00 04 15 40 07 00 00
00 02 7b 01 00 00 04 2a  02 7b 02 00 00 04 2a 00
13 30 03 00 5d 00 00 00  02 00 00 11 72 01 00 00
70 73 01 00 00 0a 0a 06  72 17 00 00 70 02 7b 01
00 00 04 8c 04 00 00 01  6f 02 00 00 0a 26 02 7b
02 00 00 04 15 3b 1c 00  00 00 06 72 1f 00 00 70
02 7b 02 00 00 04 8c 04  00 00 01 6f 02 00 00 0a
26 38 0c 00 00 00 06 72  2d 00 00 70 6f 03 00 00
0a 26 06 6f 04 00 00 0a  2a 00 00 00 13 30 06 00
59 01 00 00 03 00 00 11  02 7b 02 00 00 04 15 40
07 00 00 00 16 0a 38 0e  00 00 00 02 7b 02 00 00
04 02 7b 01 00 00 04 59  0a 06 17 58 0a 03 6f 06
00 00 0a 06 3b 17 00 00  00 72 f8 01 00 70 03 06
8c 04 00 00 01 28 0b 00  00 0a 73 09 00 00 0a 7a
73 0c 00 00 0a 0b 06 17  40 51 00 00 00 07 72 66
02 00 70 73 0d 00 00 0a  17 8d 0d 00 00 01 25 16
02 28 02 00 00 06 8c 04  00 00 01 73 0e 00 00 0a
a2 73 0f 00 00 0a 6f 10  00 00 0a 07 1e 6f 11 00
00 0a 07 03 16 6f 12 00  00 0a 8c 08 00 00 01 73
0e 00 00 0a 6f 13 00 00  0a 38 b1 00 00 00 07 0c
07 0d 16 13 05 02 28 02  00 00 06 13 06 38 95 00
00 00 73 0c 00 00 0a 13  04 11 04 72 66 02 00 70
73 0d 00 00 0a 17 8d 0d  00 00 01 25 16 11 06 8c
04 00 00 01 73 0e 00 00  0a a2 73 0f 00 00 0a 6f
10 00 00 0a 11 04 1e 6f  11 00 00 0a 11 04 03 11
05 6f 12 00 00 0a 8c 08  00 00 01 73 0e 00 00 0a
6f 13 00 00 0a 11 05 17  58 06 3c 24 00 00 00 08
11 04 6f 10 00 00 0a 08  1f 0c 6f 11 00 00 0a 09
08 6f 13 00 00 0a 08 0d  73 0c 00 00 0a 0c 38 08
00 00 00 09 11 04 6f 13  00 00 0a 11 05 17 58 13
05 11 06 17 58 13 06 11  05 06 3f 63 ff ff ff 07
2a 00 00 00 13 30 02 00  53 00 00 00 00 00 00 00
02 17 8c 16 00 00 01 73  0e 00 00 0a 73 1b 00 00
0a 7d 03 00 00 04 02 16  8c 16 00 00 01 73 0e 00
00 0a 73 1b 00 00 0a 7d  04 00 00 04 02 17 7d 09
00 00 04 02 15 7d 0a 00  00 04 02 15 7d 0b 00 00
04 02 28 05 00 00 0a 02  73 1c 00 00 0a 7d 07 00
00 04 2a 00 1b 30 03 00  34 01 00 00 04 00 00 11
02 17 8c 16 00 00 01 73  0e 00 00 0a 73 1b 00 00
0a 7d 03 00 00 04 02 16  8c 16 00 00 01 73 0e 00
00 0a 73 1b 00 00 0a 7d  04 00 00 04 02 17 7d 09
00 00 04 02 15 7d 0a 00  00 04 02 15 7d 0b 00 00
04 02 28 05 00 00 0a 02  73 1c 00 00 0a 7d 07 00
00 04 03 72 fc 02 00 70  6f 1d 00 00 0a 0a 03 72
10 03 00 70 6f 1d 00 00  0a 0b 06 39 11 00 00 00
07 39 0b 00 00 00 72 22  03 00 70 73 09 00 00 0a
7a 06 39 0b 00 00 00 06  6f 06 00 00 0a 3a 1c 00
00 00 07 39 0b 00 00 00  07 6f 06 00 00 0a 3a 0b
00 00 00 72 a5 03 00 70  73 09 00 00 0a 7a 06 39
0d 00 00 00 02 03 06 28  18 00 00 06 38 08 00 00
00 02 03 07 28 19 00 00  06 03 72 58 04 00 70 6f
1d 00 00 0a 0c 08 39 29  00 00 00 08 6f 06 00 00
0a 16 3e 1d 00 00 00 02  08 28 1e 00 00 0a 7d 09
00 00 04 dd 0c 00 00 00  26 72 6e 04 00 70 73 09
00 00 0a 7a 03 72 25 05  00 70 6f 1d 00 00 0a 0d
09 39 0b 00 00 00 09 6f  06 00 00 0a 3a 0b 00 00
00 72 31 05 00 70 73 09  00 00 0a 7a 02 09 28 17
00 00 06 2a 01 10 00 00  00 00 e7 00 11 f8 00 0c
0a 00 00 01 a2 02 7b 05  00 00 04 3a 02 00 00 00
14 2a 02 7b 05 00 00 04  d0 02 00 00 02 28 14 00
00 0a 6f 15 00 00 0a 74  01 00 00 1b 2a a2 02 7b
06 00 00 04 3a 02 00 00  00 14 2a 02 7b 06 00 00
04 d0 06 00 00 01 28 14  00 00 0a 6f 15 00 00 0a
74 02 00 00 1b 2a 1e 02  7b 07 00 00 04 2a 1e 02
7b 09 00 00 04 2a 1e 02  7b 0a 00 00 04 2a 1e 02
7b 0b 00 00 04 2a 36 02  7b 05 00 00 04 14 fe 01
16 fe 01 2a be 02 7b 05  00 00 04 3a 22 00 00 00
02 7b 06 00 00 04 3a 17  00 00 00 02 7b 0a 00 00
04 15 40 0b 00 00 00 02  7b 0b 00 00 04 15 fe 01
2b 01 16 2a 1e 02 7b 0c  00 00 04 2a 22 02 03 7d
0c 00 00 04 2a 1e 02 7b  0d 00 00 04 2a 22 02 03
7d 0d 00 00 04 2a 00 00  1b 30 04 00 16 01 00 00
05 00 00 11 02 28 10 00  00 06 39 06 00 00 00 72
6c 02 00 70 2a 72 80 02  00 70 73 01 00 00 0a 0a
02 28 0f 00 00 06 39 64  00 00 00 06 72 90 02 00
70 6f 03 00 00 0a 26 02  7b 05 00 00 04 6f 16 00
00 0a 0c 38 1e 00 00 00  08 6f 17 00 00 0a 74 02
00 00 02 0b 06 72 a8 02  00 70 07 6f 04 00 00 0a
6f 02 00 00 0a 26 08 6f  18 00 00 0a 3a d7 ff ff
ff dd 14 00 00 00 08 75  15 00 00 01 25 0d 39 06
00 00 00 09 6f 19 00 00  0a dc 38 22 00 00 00 06
72 b6 02 00 70 02 7b 0a  00 00 04 8c 04 00 00 01
02 7b 0b 00 00 04 8c 04  00 00 01 6f 1a 00 00 0a
26 06 72 e4 02 00 70 6f  03 00 00 0a 26 02 7b 06
00 00 04 6f 16 00 00 0a  13 05 38 1c 00 00 00 11
05 6f 17 00 00 0a 74 06  00 00 01 13 04 06 72 a8
02 00 70 11 04 6f 02 00  00 0a 26 11 05 6f 18 00
00 0a 3a d8 ff ff ff dd  17 00 00 00 11 05 75 15
00 00 01 25 13 06 39 07  00 00 00 11 06 6f 19 00
00 0a dc 06 6f 04 00 00  0a 2a 00 00 01 1c 00 00
02 00 3f 00 33 72 00 14  00 00 00 00 02 00 c6 00
32 f8 00 17 00 00 00 00  a6 02 7b 08 00 00 04 3a
0b 00 00 00 02 73 1c 00  00 0a 7d 08 00 00 04 02
7b 08 00 00 04 03 73 08  00 00 06 6f 1f 00 00 0a
26 2a 00 00 13 30 05 00  8f 00 00 00 06 00 00 11
02 7b 05 00 00 04 39 6a  00 00 00 03 17 8d 08 00
00 01 25 16 1f 2c 9d 6f  08 00 00 0a 0a 06 8e 69
02 7b 05 00 00 04 6f 20  00 00 0a 3b 0b 00 00 00
72 6d 05 00 70 73 09 00  00 0a 7a 02 06 8e 69 73
21 00 00 0a 7d 06 00 00  04 06 0c 16 0d 38 15 00
00 00 08 09 9a 0b 02 7b  06 00 00 04 07 6f 1f 00
00 0a 26 09 17 58 0d 09  08 8e 69 3f e2 ff ff ff
38 19 00 00 00 02 17 73  21 00 00 0a 7d 06 00 00
04 02 7b 06 00 00 04 03  6f 1f 00 00 0a 26 2a 00
13 30 05 00 52 00 00 00  06 00 00 11 04 17 8d 08
00 00 01 25 16 1f 2c 9d  6f 08 00 00 0a 0a 02 06
8e 69 73 21 00 00 0a 7d  05 00 00 04 06 0c 16 0d
38 1f 00 00 00 08 09 9a  0b 02 7b 05 00 00 04 07
6f 22 00 00 0a 73 01 00  00 06 6f 1f 00 00 0a 26
09 17 58 0d 09 08 8e 69  3f d8 ff ff ff 2a 00 00
1b 30 02 00 64 00 00 00  07 00 00 11 03 72 2c 06
00 70 6f 1d 00 00 0a 0a  06 39 0b 00 00 00 06 6f
06 00 00 0a 3a 0c 00 00  00 02 16 7d 0b 00 00 04
38 1d 00 00 00 02 06 28  0a 00 00 0a 7d 0b 00 00
04 dd 0c 00 00 00 26 72  36 06 00 70 73 09 00 00
0a 7a 02 04 28 0a 00 00  0a 7d 0a 00 00 04 dd 0c
00 00 00 26 72 ac 06 00  70 73 09 00 00 0a 7a 2a
01 1c 00 00 00 00 29 00  11 3a 00 0c 0a 00 00 01
00 00 46 00 11 57 00 0c  0a 00 00 01 13 30 02 00
76 00 00 00 08 00 00 11  02 28 10 00 00 06 3a 0b
00 00 00 72 2a 07 00 70  73 09 00 00 0a 7a 73 23
00 00 0a 0a 72 7a 07 00  70 73 24 00 00 0a 0b 06
6f 25 00 00 0a 07 6f 26  00 00 0a 26 07 6f 27 00
00 0a 72 90 07 00 70 73  28 00 00 0a 6f 29 00 00
0a 72 9e 07 00 70 73 2a  00 00 0a 0c 08 20 05 01
00 00 6f 2b 00 00 0a 07  6f 2c 00 00 0a 08 6f 2d
00 00 0a 26 02 08 28 1e  00 00 06 26 06 2a 00 00
13 30 06 00 4b 01 00 00  09 00 00 11 73 2e 00 00
0a 0a 06 72 ba 07 00 70  6f 2f 00 00 0a 06 d0 16
00 00 01 28 14 00 00 0a  73 30 00 00 0a 6f 31 00
00 0a 06 6f 32 00 00 0a  d0 06 00 00 01 28 14 00
00 0a 72 66 02 00 70 73  33 00 00 0a 6f 34 00 00
0a 26 06 20 03 60 00 00  6f 35 00 00 0a 73 0c 00
00 0a 0b 07 72 66 02 00  70 73 36 00 00 0a 6f 10
00 00 0a 07 1e 6f 11 00  00 0a 07 14 73 0e 00 00
0a 6f 13 00 00 0a 06 6f  37 00 00 0a 07 17 8d 28
00 00 01 25 16 02 7b 04  00 00 04 a2 73 38 00 00
0a 6f 39 00 00 0a 26 06  6f 37 00 00 0a d0 04 00
00 01 28 14 00 00 0a 72  ce 07 00 70 72 66 02 00
70 73 36 00 00 0a 72 e0  07 00 70 73 3a 00 00 0a
73 3b 00 00 0a 6f 39 00  00 0a 26 73 0c 00 00 0a
0c 08 72 ce 07 00 70 73  0d 00 00 0a 6f 10 00 00
0a 08 1e 6f 11 00 00 0a  08 16 8c 04 00 00 01 73
0e 00 00 0a 6f 13 00 00  0a 06 6f 37 00 00 0a 08
17 8d 28 00 00 01 25 16  02 7b 04 00 00 04 a2 73
38 00 00 0a 6f 39 00 00  0a 26 06 6f 37 00 00 0a
d0 16 00 00 01 28 14 00  00 0a 72 ee 07 00 70 16
8c 16 00 00 01 73 0e 00  00 0a 73 3b 00 00 0a 6f
39 00 00 0a 26 06 2a 00  13 30 04 00 e4 00 00 00
0a 00 00 11 73 2e 00 00  0a 0a 06 72 0a 08 00 70
02 7b 0c 00 00 04 8c 04  00 00 01 02 7b 0d 00 00
04 8c 04 00 00 01 28 0b  00 00 0a 6f 2f 00 00 0a
06 d0 16 00 00 01 28 14  00 00 0a 73 30 00 00 0a
6f 31 00 00 0a 06 6f 32  00 00 0a d0 06 00 00 01
28 14 00 00 0a 72 66 02  00 70 73 33 00 00 0a 6f
34 00 00 0a 26 d0 16 00  00 01 28 14 00 00 0a 72
ee 07 00 70 73 33 00 00  0a 0b 07 17 6f 3c 00 00
0a 06 6f 32 00 00 0a 07  6f 34 00 00 0a 26 06 6f
32 00 00 0a d0 04 00 00  01 28 14 00 00 0a 72 ce
07 00 70 73 33 00 00 0a  6f 34 00 00 0a 26 06 20
03 50 00 00 6f 35 00 00  0a 72 ee 07 00 70 73 0d
00 00 0a 02 28 0c 00 00  06 8c 16 00 00 01 73 0e
00 00 0a 73 3d 00 00 0a  0c 06 6f 37 00 00 0a 08
6f 39 00 00 0a 26 06 2a  1b 30 03 00 f4 00 00 00
0b 00 00 11 02 7b 08 00  00 04 39 10 00 00 00 02
7b 08 00 00 04 6f 20 00  00 0a 3a 02 00 00 00 14
2a 02 7b 08 00 00 04 6f  20 00 00 0a 73 21 00 00
0a 0a 02 7b 08 00 00 04  6f 16 00 00 0a 0d 38 8d
00 00 00 09 6f 17 00 00  0a 74 03 00 00 02 0c 08
03 6f 1f 00 00 06 0b 06  07 6f 1f 00 00 0a 26 04
39 31 00 00 00 08 6f 0f  00 00 06 39 26 00 00 00
07 6f 3e 00 00 0a 72 ee  07 00 70 73 0d 00 00 0a
16 8c 16 00 00 01 73 0e  00 00 0a 73 3d 00 00 0a
6f 39 00 00 0a 26 04 39  0b 00 00 00 02 28 10 00
00 06 39 17 00 00 00 07  6f 3e 00 00 0a 02 7b 04
00 00 04 6f 39 00 00 0a  26 38 12 00 00 00 07 6f
3e 00 00 0a 02 7b 03 00  00 04 6f 39 00 00 0a 26
09 6f 18 00 00 0a 3a 68  ff ff ff dd 16 00 00 00
09 75 15 00 00 01 25 13  04 39 07 00 00 00 11 04
6f 19 00 00 0a dc 06 2a  01 10 00 00 02 00 3a 00
a2 dc 00 16 00 00 00 00  1b 30 06 00 22 03 00 00
0c 00 00 11 02 28 10 00  00 06 39 0c 00 00 00 02
28 1b 00 00 06 0a 38 07  00 00 00 02 28 1c 00 00
06 0a 03 6f 3f 00 00 0a  06 6f 40 00 00 0a 26 02
28 10 00 00 06 39 0f 00  00 00 72 ee 07 00 70 73
0d 00 00 0a 38 0a 00 00  00 72 ee 07 00 70 73 36
00 00 0a 13 05 02 03 02  28 10 00 00 06 16 fe 01
28 1d 00 00 06 0d 09 39  5d 00 00 00 09 6f 20 00
00 0a 16 3e 51 00 00 00  09 6f 16 00 00 0a 13 07
38 1c 00 00 00 11 07 6f  17 00 00 0a 74 29 00 00
01 13 06 06 6f 37 00 00  0a 11 06 6f 39 00 00 0a
26 11 07 6f 18 00 00 0a  3a d8 ff ff ff dd 17 00
00 00 11 07 75 15 00 00  01 25 13 08 39 07 00 00
00 11 08 6f 19 00 00 0a  dc 02 7b 07 00 00 04 6f
20 00 00 0a 16 3e 29 02  00 00 17 11 05 73 41 00
00 0a 13 09 02 28 10 00  00 06 39 0f 00 00 00 72
ce 07 00 70 73 0d 00 00  0a 38 0a 00 00 00 72 ce
07 00 70 73 36 00 00 0a  13 0a 16 13 0b 72 ee 07
00 70 73 0d 00 00 0a 73  1b 00 00 0a 13 0c 02 7b
07 00 00 04 6f 16 00 00  0a 13 0e 38 8a 01 00 00
11 0e 6f 17 00 00 0a 74  03 00 00 02 13 0d 11 0d
03 6f 1f 00 00 06 0b 11  0d 6f 0b 00 00 06 6f 20
00 00 0a 16 3e 8a 00 00  00 11 0d 03 6f 1e 00 00
06 13 04 73 42 00 00 0a  0c 08 72 9e 07 00 70 73
43 00 00 0a 11 04 6f 44  00 00 0a 73 45 00 00 0a
19 8d 0d 00 00 01 25 16  72 66 02 00 70 73 36 00
00 0a a2 25 17 11 09 a2  25 18 11 0a a2 73 46 00
00 0a 6f 47 00 00 0a 08  6f 3e 00 00 0a 11 0c 6f
39 00 00 0a 26 08 6f 48  00 00 0a 16 8c 16 00 00
01 73 0e 00 00 0a 73 1b  00 00 0a 6f 39 00 00 0a
26 07 6f 3e 00 00 0a 08  6f 39 00 00 0a 26 38 c4
00 00 00 11 0d 03 02 28  10 00 00 06 16 fe 01 6f
1d 00 00 06 0d 09 39 5d  00 00 00 09 6f 20 00 00
0a 16 3e 51 00 00 00 09  6f 16 00 00 0a 13 10 38
1c 00 00 00 11 10 6f 17  00 00 0a 74 29 00 00 01
13 0f 07 6f 3e 00 00 0a  11 0f 6f 39 00 00 0a 26
11 10 6f 18 00 00 0a 3a  d8 ff ff ff dd 17 00 00
00 11 10 75 15 00 00 01  25 13 11 39 07 00 00 00
11 11 6f 19 00 00 0a dc  02 28 10 00 00 06 3a 32
00 00 00 11 0d 6f 0f 00  00 06 39 26 00 00 00 07
6f 3e 00 00 0a 72 ee 07  00 70 73 0d 00 00 0a 17
8c 16 00 00 01 73 0e 00  00 0a 73 3d 00 00 0a 6f
39 00 00 0a 26 07 6f 3e  00 00 0a 02 7b 03 00 00
04 6f 39 00 00 0a 26 06  6f 37 00 00 0a 07 6f 39
00 00 0a 26 11 0b 17 58  13 0b 11 0e 6f 18 00 00
0a 3a 6a fe ff ff dd 17  00 00 00 11 0e 75 15 00
00 01 25 13 12 39 07 00  00 00 11 12 6f 19 00 00
0a dc 06 6f 37 00 00 0a  16 8c 16 00 00 01 73 0e
00 00 0a 73 1b 00 00 0a  6f 39 00 00 0a 26 38 21
00 00 00 06 6f 37 00 00  0a 02 28 0c 00 00 06 8c
16 00 00 01 73 0e 00 00  0a 73 1b 00 00 0a 6f 39
00 00 0a 26 06 2a 00 00  41 4c 00 00 02 00 00 00
7c 00 00 00 32 00 00 00  ae 00 00 00 17 00 00 00
00 00 00 00 02 00 00 00  0b 02 00 00 32 00 00 00
3d 02 00 00 17 00 00 00  00 00 00 00 02 00 00 00
27 01 00 00 a0 01 00 00  c7 02 00 00 17 00 00 00
00 00 00 00 13 30 03 00  31 00 00 00 0d 00 00 11
73 42 00 00 0a 0a 02 28  0f 00 00 06 39 11 00 00
00 06 02 28 20 00 00 06  6f 47 00 00 0a 38 0d 00
00 00 06 02 03 28 23 00  00 06 6f 47 00 00 0a 06
2a 00 00 00 1b 30 04 00  87 01 00 00 0e 00 00 11
02 28 09 00 00 06 0a 02  28 0a 00 00 06 0b 73 1c
00 00 0a 0c 16 13 04 16  0d 38 31 00 00 00 06 09
9a 13 05 08 11 05 07 09  9a 6f 06 00 00 06 6f 1f
00 00 0a 26 11 05 6f 04  00 00 06 11 04 3e 09 00
00 00 11 05 6f 04 00 00  06 13 04 09 17 58 0d 09
06 8e 69 3f c6 ff ff ff  14 13 06 08 6f 20 00 00
0a 13 07 16 0d 11 07 17  40 13 00 00 00 08 16 6f
49 00 00 0a 75 0b 00 00  01 13 06 38 94 00 00 00
73 0c 00 00 0a 13 06 11  06 13 08 11 06 13 09 08
6f 16 00 00 0a 13 0b 38  50 00 00 00 11 0b 6f 17
00 00 0a 74 0b 00 00 01  13 0a 09 17 58 11 07 3c
2b 00 00 00 11 08 11 0a  6f 10 00 00 0a 11 08 1f
0c 6f 11 00 00 0a 11 09  11 08 6f 13 00 00 0a 11
08 13 09 73 0c 00 00 0a  13 08 38 09 00 00 00 11
09 11 0a 6f 13 00 00 0a  09 17 58 0d 11 0b 6f 18
00 00 0a 3a a4 ff ff ff  dd 17 00 00 00 11 0b 75
15 00 00 01 25 13 0c 39  07 00 00 00 11 0c 6f 19
00 00 0a dc 73 0c 00 00  0a 13 0d 11 0d 02 28 10
00 00 06 39 0f 00 00 00  72 ce 07 00 70 73 0d 00
00 0a 38 0a 00 00 00 72  ce 07 00 70 73 36 00 00
0a 6f 10 00 00 0a 11 0d  1f 0f 6f 11 00 00 0a 11
0d 11 04 8c 04 00 00 01  73 0e 00 00 0a 6f 13 00
00 0a 73 0c 00 00 0a 13  0e 11 0e 11 0d 6f 10 00
00 0a 11 0e 1f 0c 6f 11  00 00 0a 11 0e 11 06 6f
13 00 00 0a 11 0e 2a 00  01 10 00 00 02 00 97 00
66 fd 00 17 00 00 00 00  13 30 04 00 e4 00 00 00
0a 00 00 11 73 2e 00 00  0a 0a 06 72 3c 08 00 70
02 7b 0c 00 00 04 8c 04  00 00 01 02 7b 0d 00 00
04 8c 04 00 00 01 28 0b  00 00 0a 6f 2f 00 00 0a
06 d0 16 00 00 01 28 14  00 00 0a 73 30 00 00 0a
6f 31 00 00 0a 06 6f 32  00 00 0a d0 06 00 00 01
28 14 00 00 0a 72 66 02  00 70 73 33 00 00 0a 6f
34 00 00 0a 26 d0 16 00  00 01 28 14 00 00 0a 72
ee 07 00 70 73 33 00 00  0a 0b 07 17 6f 3c 00 00
0a 06 6f 32 00 00 0a 07  6f 34 00 00 0a 26 06 6f
32 00 00 0a d0 04 00 00  01 28 14 00 00 0a 72 ce
07 00 70 73 33 00 00 0a  6f 34 00 00 0a 26 06 20
03 50 00 00 6f 35 00 00  0a 72 ee 07 00 70 73 0d
00 00 0a 02 28 0c 00 00  06 8c 16 00 00 01 73 0e
00 00 0a 73 3d 00 00 0a  0c 06 6f 37 00 00 0a 08
6f 39 00 00 0a 26 06 2a  13 30 09 00 d1 02 00 00
0f 00 00 11 73 0c 00 00  0a 0a 05 04 58 17 59 0b
16 0c 04 17 59 0d 72 66  02 00 70 73 36 00 00 0a
13 04 04 17 40 41 00 00  00 06 11 04 17 8d 0d 00
00 01 25 16 05 8c 04 00  00 01 73 0e 00 00 0a a2
73 0f 00 00 0a 6f 10 00  00 0a 06 1e 6f 11 00 00
0a 06 03 08 6f 12 00 00  0a 8c 08 00 00 01 73 0e
00 00 0a 6f 13 00 00 0a  06 2a 06 13 05 14 13 06
04 18 40 b5 00 00 00 73  0c 00 00 0a 13 07 11 07
11 04 17 8d 0d 00 00 01  25 16 05 25 17 58 10 03
8c 04 00 00 01 73 0e 00  00 0a a2 73 0f 00 00 0a
6f 10 00 00 0a 11 07 1e  6f 11 00 00 0a 11 07 03
08 6f 12 00 00 0a 8c 08  00 00 01 73 0e 00 00 0a
6f 13 00 00 0a 73 0c 00  00 0a 13 08 11 08 11 04
17 8d 0d 00 00 01 25 16  07 25 17 59 0b 8c 04 00
00 01 73 0e 00 00 0a a2  73 0f 00 00 0a 6f 10 00
00 0a 11 08 1e 6f 11 00  00 0a 11 08 03 09 6f 12
00 00 0a 8c 08 00 00 01  73 0e 00 00 0a 6f 13 00
00 0a 06 11 07 6f 10 00  00 0a 06 1f 0c 6f 11 00
00 0a 06 11 08 6f 13 00  00 0a 06 2a 04 18 5d 16
fe 01 16 fe 01 13 0a 38  90 01 00 00 04 17 59 10
02 11 0a 39 10 00 00 00  11 0a 39 d4 00 00 00 04
17 59 16 3e cb 00 00 00  73 0c 00 00 0a 13 07 11
07 11 04 17 8d 0d 00 00  01 25 16 72 66 08 00 70
73 0d 00 00 0a 16 08 8c  04 00 00 01 73 0e 00 00
0a 73 4a 00 00 0a a2 73  0f 00 00 0a 6f 10 00 00
0a 11 07 1e 6f 11 00 00  0a 11 07 03 08 6f 12 00
00 0a 8c 08 00 00 01 73  0e 00 00 0a 6f 13 00 00
0a 73 0c 00 00 0a 13 08  11 08 11 04 17 8d 0d 00
00 01 25 16 72 82 08 00  70 73 0d 00 00 0a 17 09
04 59 8c 04 00 00 01 73  0e 00 00 0a 73 4a 00 00
0a a2 73 0f 00 00 0a 6f  10 00 00 0a 11 08 1e 6f
11 00 00 0a 11 08 03 09  6f 12 00 00 0a 8c 08 00
00 01 73 0e 00 00 0a 6f  13 00 00 0a 11 07 1f 0c
11 08 73 4a 00 00 0a 13  09 04 17 59 10 02 38 5d
00 00 00 73 0c 00 00 0a  13 09 11 09 11 04 17 8d
0d 00 00 01 25 16 72 66  08 00 70 73 0d 00 00 0a
16 08 17 59 8c 04 00 00  01 73 0e 00 00 0a 73 4a
00 00 0a a2 73 0f 00 00  0a 6f 10 00 00 0a 11 09
1e 6f 11 00 00 0a 11 09  03 08 17 59 6f 12 00 00
0a 8c 08 00 00 01 73 0e  00 00 0a 6f 13 00 00 0a
04 17 59 16 3f 32 00 00  00 11 05 11 09 6f 10 00
00 0a 11 05 1f 0c 6f 11  00 00 0a 11 06 39 09 00
00 00 11 06 11 05 6f 13  00 00 0a 11 05 13 06 73
0c 00 00 0a 13 05 38 09  00 00 00 11 06 11 09 6f
13 00 00 0a 08 17 58 0c  09 17 59 0d 04 16 3c 69
fe ff ff 06 2a 00 00 00  13 30 07 00 d9 02 00 00
10 00 00 11 02 28 21 00  00 06 0a 02 7b 0a 00 00
04 02 7b 0b 00 00 04 58  0b 02 7b 06 00 00 04 16
6f 49 00 00 0a 75 06 00  00 01 0c 08 6f 06 00 00
0a 0d 07 09 58 17 58 13  04 73 0c 00 00 0a 13 05
11 05 72 ce 07 00 70 73  36 00 00 0a 6f 10 00 00
0a 11 05 1f 0d 6f 11 00  00 0a 11 05 11 04 8c 04
00 00 01 73 0e 00 00 0a  6f 13 00 00 0a 06 6f 37
00 00 0a 11 05 17 8d 28  00 00 01 25 16 16 8c 16
00 00 01 73 0e 00 00 0a  73 1b 00 00 0a a2 73 38
00 00 0a 6f 39 00 00 0a  26 06 6f 37 00 00 0a d0
04 00 00 01 28 14 00 00  0a 72 66 08 00 70 16 8c
04 00 00 01 73 0e 00 00  0a 73 3b 00 00 0a 6f 39
00 00 0a 26 06 6f 37 00  00 0a d0 04 00 00 01 28
14 00 00 0a 72 82 08 00  70 72 66 08 00 70 73 0d
00 00 0a 16 09 17 59 8c  04 00 00 01 73 0e 00 00
0a 73 4a 00 00 0a 73 3b  00 00 0a 6f 39 00 00 0a
26 73 4b 00 00 0a 13 06  11 06 d0 04 00 00 01 28
14 00 00 0a 72 9a 08 00  70 72 ce 07 00 70 73 36
00 00 0a 73 3b 00 00 0a  6f 4c 00 00 0a 11 06 72
9a 08 00 70 73 0d 00 00  0a 72 9a 08 00 70 73 0d
00 00 0a 17 17 8c 04 00  00 01 73 0e 00 00 0a 73
4a 00 00 0a 73 3d 00 00  0a 6f 4d 00 00 0a 11 06
72 9a 08 00 70 73 0d 00  00 0a 1f 10 09 8c 04 00
00 01 73 0e 00 00 0a 73  4a 00 00 0a 6f 4e 00 00
0a 02 08 09 07 28 22 00  00 06 16 8d 28 00 00 01
73 38 00 00 0a 13 07 11  07 6f 3e 00 00 0a 72 ee
07 00 70 73 36 00 00 0a  17 8c 16 00 00 01 73 0e
00 00 0a 73 3d 00 00 0a  6f 39 00 00 0a 26 11 07
6f 3e 00 00 0a 17 8c 16  00 00 01 73 0e 00 00 0a
73 1b 00 00 0a 6f 39 00  00 0a 26 11 06 6f 4f 00
00 0a 11 07 6f 39 00 00  0a 26 11 06 6f 4f 00 00
0a 72 66 08 00 70 73 0d  00 00 0a 72 66 08 00 70
73 0d 00 00 0a 16 17 8c  04 00 00 01 73 0e 00 00
0a 73 4a 00 00 0a 73 3d  00 00 0a 6f 39 00 00 0a
26 11 06 6f 4f 00 00 0a  72 82 08 00 70 73 0d 00
00 0a 72 82 08 00 70 73  0d 00 00 0a 16 17 8c 04
00 00 01 73 0e 00 00 0a  73 4a 00 00 0a 73 3d 00
00 0a 6f 39 00 00 0a 26  06 6f 37 00 00 0a 11 06
6f 39 00 00 0a 26 06 6f  37 00 00 0a 16 8c 16 00
00 01 73 0e 00 00 0a 73  1b 00 00 0a 6f 39 00 00
0a 26 03 6f 3f 00 00 0a  06 6f 40 00 00 0a 26 72
9e 07 00 70 73 43 00 00  0a 06 6f 44 00 00 0a 73
45 00 00 0a 19 8d 0d 00  00 01 25 16 72 66 02 00
70 73 36 00 00 0a a2 25  17 17 72 ee 07 00 70 73
36 00 00 0a 73 41 00 00  0a a2 25 18 72 ce 07 00
70 73 36 00 00 0a a2 73  46 00 00 0a 2a 1e 02 28
05 00 00 0a 2a 00 00 00  1b 30 02 00 3d 00 00 00
11 00 00 11 73 24 00 00  06 0a 06 02 6f 28 00 00
06 dd 2a 00 00 00 0b 28  50 00 00 0a 72 a8 08 00
70 6f 51 00 00 0a 28 50  00 00 0a 07 6f 52 00 00
0a 28 50 00 00 0a 6f 53  00 00 0a dd 00 00 00 00
2a 00 00 00 01 10 00 00  00 00 00 00 12 12 00 2a
0a 00 00 01 ea 03 39 1e  00 00 00 03 6f 06 00 00
0a 16 3e 12 00 00 00 28  50 00 00 0a 03 04 6f 55
00 00 0a 17 28 56 00 00  0a 28 50 00 00 0a 72 14
09 00 70 6f 51 00 00 0a  16 28 56 00 00 0a 2a 00
1b 30 04 00 64 00 00 00  12 00 00 11 72 09 0b 00
70 1f 20 04 73 57 00 00  0a 03 6f 04 00 00 0a 28
58 00 00 0a 03 6f 0b 00  00 06 6f 16 00 00 0a 0b
38 16 00 00 00 07 6f 17  00 00 0a 74 03 00 00 02
0a 02 06 04 17 58 28 27  00 00 06 07 6f 18 00 00
0a 3a df ff ff ff dd 14  00 00 00 07 75 15 00 00
01 25 0c 39 06 00 00 00  08 6f 19 00 00 0a dc 2a
01 10 00 00 02 00 24 00  2b 4f 00 14 00 00 00 00
1b 30 06 00 4b 03 00 00  13 00 00 11 03 8e 69 17
3c 11 00 00 00 02 72 17  0b 00 70 16 8d 05 00 00
01 28 26 00 00 06 73 59  00 00 0a 0a 73 07 00 00
06 0b 14 13 04 14 13 05  14 13 06 16 13 08 38 1d
01 00 00 03 11 08 9a 13  07 11 07 16 6f 12 00 00
0a 1f 2d 40 f5 00 00 00  11 07 6f 06 00 00 0a 17
3e e8 00 00 00 11 07 17  6f 5a 00 00 0a 6f 22 00
00 0a 13 07 11 07 6f 5b  00 00 0a 13 09 11 09 39
a9 00 00 00 11 09 72 51  0b 00 70 28 5c 00 00 0a
3a 5a 00 00 00 11 09 72  55 0b 00 70 28 5c 00 00
0a 3a 49 00 00 00 11 09  72 63 0b 00 70 28 5c 00
00 0a 3a 38 00 00 00 11  09 72 73 0b 00 70 28 5c
00 00 0a 3a 53 00 00 00  11 09 72 77 0b 00 70 28
5c 00 00 0a 3a 42 00 00  00 11 09 72 81 0b 00 70
28 5c 00 00 0a 3a 31 00  00 00 38 3e 00 00 00 11
08 17 58 13 08 11 08 03  8e 69 3e 11 00 00 00 02
72 8d 0b 00 70 16 8d 05  00 00 01 28 26 00 00 06
03 11 08 9a 13 05 38 2d  00 00 00 02 14 16 8d 05
00 00 01 28 26 00 00 06  38 1b 00 00 00 02 72 bf
0b 00 70 17 8d 05 00 00  01 25 16 11 07 a2 28 26
00 00 06 38 00 00 00 00  38 0d 00 00 00 11 06 3a
06 00 00 00 03 11 08 9a  13 06 11 08 17 58 13 08
11 08 03 8e 69 3f d9 fe  ff ff 11 06 3a 11 00 00
00 02 72 05 0c 00 70 16  8d 05 00 00 01 28 26 00
00 06 17 13 0b 16 13 0c  11 06 73 5d 00 00 0a 13
04 38 33 01 00 00 11 04  6f 5e 00 00 0a 13 0a 11
0a 17 3b 0e 00 00 00 11  0a 1f 0f 3b 05 00 00 00
dd 14 01 00 00 06 6f 5f  00 00 0a 16 3e 10 00 00
00 06 6f 60 00 00 0a 75  03 00 00 02 38 01 00 00
00 14 0d 11 0c 39 34 00  00 00 11 04 6f 61 00 00
0a 72 55 0c 00 70 28 5c  00 00 0a 39 1e 00 00 00
09 3a 0b 00 00 00 72 63  0c 00 70 73 09 00 00 0a
7a 09 11 04 6f 16 00 00  06 dd bb 00 00 00 11 04
6f 61 00 00 0a 72 c7 0c  00 70 28 62 00 00 0a 39
05 00 00 00 dd a0 00 00  00 11 04 6f 5e 00 00 0a
1f 0f 40 4f 00 00 00 09  3a 0b 00 00 00 72 d3 0c
00 70 73 09 00 00 0a 7a  06 6f 63 00 00 0a 26 06
6f 5f 00 00 0a 3a 1e 00  00 00 07 6f 0b 00 00 06
09 6f 1f 00 00 0a 26 09  07 6f 0b 00 00 06 6f 20
00 00 0a 6f 14 00 00 06  11 0b 17 59 13 0b 16 13
0c dd 43 00 00 00 11 04  73 08 00 00 06 0c 08 11
0b 25 17 58 13 0b 6f 12  00 00 06 09 39 1e 00 00
00 09 6f 0b 00 00 06 08  6f 1f 00 00 0a 26 08 09
6f 0b 00 00 06 6f 20 00  00 0a 6f 14 00 00 06 06
08 6f 64 00 00 0a 17 13  0c 11 04 6f 65 00 00 0a
3a c1 fe ff ff dd 12 00  00 00 26 fe 1a 11 04 39
07 00 00 00 11 04 6f 66  00 00 0a dc 07 6f 1a 00
00 06 13 0d 11 0d 3a 06  00 00 00 17 28 56 00 00
0a 73 67 00 00 0a 13 0e  11 0e 6f 68 00 00 0a 13
0f 11 05 3a 0c 00 00 00  28 69 00 00 0a 13 10 38
14 00 00 00 11 05 16 73  6a 00 00 0a 72 31 0d 00
70 73 6b 00 00 0a 13 10  11 0f 11 0d 11 10 73 6c
00 00 0a 6f 6d 00 00 0a  11 05 39 07 00 00 00 11
10 6f 6e 00 00 0a 2a 00  41 34 00 00 00 00 00 00
76 01 00 00 58 01 00 00  ce 02 00 00 03 00 00 00
0a 00 00 01 02 00 00 00  76 01 00 00 5b 01 00 00
d1 02 00 00 0f 00 00 00  00 00 00 00 42 53 4a 42
01 00 01 00 00 00 00 00  0c 00 00 00 76 32 2e 30
2e 35 30 37 32 37 00 00  00 00 05 00 6c 00 00 00
1c 09 00 00 23 7e 00 00  88 09 00 00 c8 0b 00 00
23 53 74 72 69 6e 67 73  00 00 00 00 50 15 00 00
38 0d 00 00 23 55 53 00  88 22 00 00 10 00 00 00
23 47 55 49 44 00 00 00  98 22 00 00 84 03 00 00
23 42 6c 6f 62 00 00 00  00 00 00 00 02 00 00 10
57 15 a2 09 09 00 00 00  00 fa 01 33 00 16 00 00
01 00 00 00 43 00 00 00  04 00 00 00 0d 00 00 00
28 00 00 00 19 00 00 00  70 00 00 00 03 00 00 00
13 00 00 00 02 00 00 00  0d 00 00 00 0f 00 00 00
02 00 00 00 01 00 00 00  03 00 00 00 00 00 ba 0b
01 00 00 00 00 00 06 00  52 00 6c 00 0a 00 91 00
9b 00 0a 00 f3 00 01 01  0a 00 13 01 19 01 0a 00
34 01 19 01 0a 00 44 01  19 01 0a 00 56 01 19 01
0a 00 68 01 19 01 0a 00  73 01 19 01 0a 00 8e 01
19 01 06 00 a5 01 6c 00  06 00 c2 01 6c 00 06 00
e2 01 6c 00 06 00 f1 01  6c 00 06 00 09 02 6c 00
06 00 3a 02 6c 00 0a 00  65 02 19 01 0a 00 7c 02
19 01 0a 00 96 02 19 01  0a 00 a2 02 9b 00 0a 00
d1 02 19 01 0a 00 e5 02  19 01 0e 00 f4 02 fe 02
06 00 29 03 6c 00 06 00  39 03 6c 00 06 00 56 03
6c 00 06 00 7a 03 6c 00  06 00 98 03 6c 00 06 00
ac 03 6c 00 0a 00 d3 03  e2 03 06 00 fe 03 6c 00
06 00 1c 04 6c 00 06 00  2d 04 6c 00 06 00 45 04
6c 00 06 00 75 04 6c 00  06 00 a2 04 6c 00 06 00
d4 04 6c 00 06 00 e5 04  6c 00 06 00 14 05 6c 00
06 00 2c 05 6c 00 06 00  3a 05 6c 00 06 00 51 05
6c 00 06 00 71 05 6c 00  06 00 a0 05 6c 00 06 00
af 05 6c 00 06 00 00 06  6c 00 06 00 19 06 6c 00
06 00 31 06 6c 00 06 00  56 06 6c 00 06 00 74 06
6c 00 06 00 d4 06 6c 00  0a 00 2c 07 19 01 0a 00
3e 07 49 07 0a 00 70 07  19 01 0a 00 84 07 19 01
0a 00 9f 07 9b 00 0e 00  c3 07 fe 02 0e 00 cf 07
fe 02 06 00 1f 08 2f 08  06 00 47 08 5a 08 06 00
6b 08 2f 08 0a 00 92 08  49 07 06 00 9f 08 2f 08
06 00 b2 08 2f 08 0a 00  3d 0b 51 0b 07 01 64 0b
00 00 0a 00 73 0b 91 0b  00 00 00 00 01 00 00 00
00 00 01 00 01 00 00 00  10 00 15 00 0a 00 15 00
01 00 01 00 00 00 10 00  1e 00 0a 00 15 00 03 00
07 00 01 00 10 00 2e 00  0a 00 15 00 0e 00 24 00
01 00 3d 00 01 00 01 00  43 00 01 00 21 00 47 00
04 00 21 00 7b 00 04 00  01 00 87 00 08 00 01 00
ae 00 08 00 01 00 b6 00  08 00 01 00 c2 00 08 00
01 00 cd 00 0c 00 01 00  d7 00 01 00 01 00 e0 00
01 00 01 00 e5 00 01 00  01 00 eb 00 01 00 50 20
00 00 00 00 86 18 0d 01  0f 00 01 00 64 21 00 00
00 00 86 08 e3 08 29 00  02 00 6c 21 00 00 00 00
86 08 ed 08 29 00 02 00  74 21 00 00 00 00 86 08
f5 08 29 00 02 00 90 21  00 00 00 00 c6 00 3b 01
21 00 02 00 fc 21 00 00  00 00 86 00 0a 09 b7 01
02 00 64 23 00 00 00 00  86 18 0d 01 25 00 03 00
c4 23 00 00 00 00 86 18  0d 01 cb 01 03 00 14 25
00 00 00 00 86 08 18 09  d8 01 04 00 3d 25 00 00
00 00 86 08 26 09 de 01  04 00 66 25 00 00 00 00
86 08 32 09 e3 01 04 00  6e 25 00 00 00 00 86 08
42 09 7d 00 04 00 76 25  00 00 00 00 86 08 50 09
29 00 04 00 7e 25 00 00  00 00 86 08 5d 09 29 00
04 00 86 25 00 00 00 00  86 08 66 09 7d 00 04 00
94 25 00 00 00 00 86 08  75 09 7d 00 04 00 c4 25
00 00 00 00 86 08 83 09  29 00 04 00 cc 25 00 00
00 00 86 08 8d 09 98 00  04 00 d5 25 00 00 00 00
86 08 97 09 29 00 05 00  dd 25 00 00 00 00 86 08
a3 09 98 00 05 00 e8 25  00 00 00 00 c6 00 3b 01
21 00 06 00 28 27 00 00  00 00 86 00 af 09 cb 01
06 00 54 27 00 00 00 00  81 00 b9 09 0f 00 07 00
f0 27 00 00 00 00 81 00  c5 09 01 02 08 00 50 28
00 00 00 00 81 00 d3 09  01 02 0a 00 dc 28 00 00
00 00 86 00 e0 09 0c 02  0c 00 60 29 00 00 00 00
81 00 ed 09 1a 02 0c 00  b8 2a 00 00 00 00 81 00
fb 09 1a 02 0c 00 a8 2b  00 00 00 00 81 00 0a 0a
36 02 0c 00 b8 2c 00 00  00 00 81 00 1d 0a 4c 02
0e 00 34 30 00 00 00 00  81 00 2c 0a 83 02 0f 00
74 30 00 00 00 00 81 00  47 0a 91 02 10 00 18 32
00 00 00 00 81 00 64 0a  1a 02 10 00 08 33 00 00
00 00 81 00 77 0a b5 02  10 00 e8 35 00 00 00 00
81 00 8d 0a d3 02 13 00  cd 38 00 00 00 00 86 18
0d 01 25 00 14 00 d8 38  00 00 00 00 96 00 a8 0a
ec 02 14 00 34 39 00 00  00 00 81 00 ad 0a 63 01
15 00 70 39 00 00 00 00  81 00 b3 0a f9 02 17 00
f0 39 00 00 00 00 81 00  bd 0a 09 03 19 00 00 00
01 00 87 00 00 00 01 00  98 01 00 00 01 00 ed 02
00 00 01 00 9c 02 00 00  01 00 9c 02 00 00 01 00
ed 02 00 00 01 00 98 01  00 00 01 00 ed 02 00 00
02 00 87 00 00 00 01 00  ed 02 00 00 02 00 d7 00
00 00 01 00 c3 05 00 00  02 00 cd 05 00 00 01 00
c3 05 00 00 01 00 c3 05  00 00 01 00 98 01 00 00
02 00 ba 06 00 00 03 00  c6 06 00 00 01 00 c3 05
00 00 01 00 27 07 00 00  01 00 63 07 00 00 02 00
6a 07 00 00 01 00 95 07  00 00 02 00 98 07 00 00
01 00 27 07 19 00 0d 01  0f 00 19 00 20 01 14 00
19 00 2d 01 1b 00 29 00  3b 01 21 00 29 00 0d 01
25 00 31 00 4b 01 29 00  39 00 0d 01 0f 00 31 00
6d 01 2d 00 49 00 0d 01  0f 00 21 00 88 01 34 00
31 00 9e 01 39 00 59 00  0d 01 25 00 61 00 0d 01
0f 00 71 00 0d 01 40 00  79 00 0d 01 45 00 59 00
24 02 4e 00 59 00 2d 02  54 00 31 00 51 02 5a 00
59 00 5b 02 4e 00 89 00  6a 02 5f 00 11 00 8e 02
66 00 11 00 ae 02 74 00  a1 00 bc 02 79 00 a1 00
c8 02 7d 00 a9 00 dd 02  25 00 19 00 20 01 81 00
09 00 0d 01 4e 00 11 00  0d 01 25 00 b9 00 09 03
89 00 b1 00 88 01 8e 00  11 00 16 03 93 00 11 00
1a 03 29 00 11 00 0d 01  98 00 31 00 24 03 21 00
c1 00 0d 01 25 00 c9 00  0d 01 0f 00 c1 00 47 03
9d 00 d1 00 16 03 a2 00  c9 00 6e 03 a8 00 e1 00
0d 01 0f 00 d9 00 16 03  ad 00 e9 00 0d 01 0f 00
e9 00 c0 03 b3 00 c9 00  f4 03 b9 00 f9 00 16 03
be 00 01 01 0d 01 25 00  09 01 3c 04 0f 00 11 01
0d 01 c4 00 01 01 57 04  ca 00 01 01 66 04 d1 00
21 01 0d 01 d7 00 19 01  16 03 de 00 09 01 c5 04
e5 00 31 01 0d 01 0f 00  01 01 05 05 ec 00 49 01
0d 01 f2 00 39 01 16 03  fc 00 51 01 0d 01 03 01
59 01 0d 01 0a 01 21 01  92 05 13 01 69 01 0d 01
1a 01 49 01 e1 05 ec 00  e9 00 f4 05 22 01 71 01
16 03 28 01 79 01 0d 01  2f 01 49 01 0d 01 25 00
81 01 0d 01 0f 00 09 01  4d 06 21 00 89 01 0d 01
03 01 91 01 0d 01 38 01  49 01 8f 06 4e 00 49 01
9d 06 ec 00 11 00 b1 06  42 01 59 00 0d 01 47 01
99 01 0d 01 25 00 99 01  eb 06 51 01 99 01 fd 06
51 01 99 01 14 07 4e 00  99 01 05 05 ec 00 a1 01
34 07 58 01 a9 01 53 07  0f 00 a9 01 5d 07 40 00
a9 01 53 07 25 00 b1 01  0d 01 25 00 a9 01 53 07
63 01 b9 01 90 07 6a 01  31 00 0d 01 6f 01 a1 01
53 07 75 01 c1 01 0d 01  25 00 31 00 a5 07 7c 01
31 00 af 07 21 00 31 00  b7 07 81 01 d1 01 0d 01
0f 00 b9 00 dd 07 87 01  c1 01 1a 03 29 00 c1 01
ea 07 79 00 b9 00 ef 07  21 00 31 00 fd 07 81 01
c1 01 0b 08 79 00 c1 01  0f 08 40 00 b9 00 14 08
7d 00 b9 00 19 08 25 00  e1 01 0d 01 25 00 d9 01
7a 08 8d 01 a1 01 8a 08  58 01 f1 01 0d 01 93 01
f9 01 0d 01 99 01 01 02  0d 01 25 00 e9 01 c7 08
a1 01 a9 01 19 08 25 00  09 02 0d 01 4a 03 19 02
0d 01 25 00 2e 00 7b 03  51 03 2e 00 83 03 5a 03
c4 02 a3 02 5e 01 ad 01  b2 01 bd 01 d1 01 e8 01
f8 01 08 02 11 02 20 02  2a 02 3e 02 54 02 8b 02
96 02 bd 02 da 02 f2 02  00 03 0f 03 02 00 01 00
03 00 04 00 00 00 c1 0a  32 03 00 00 c7 0a 32 03
00 00 cb 0a 32 03 00 00  dc 0a 36 03 00 00 e6 0a
3c 03 00 00 ee 0a 41 03  00 00 fa 0a 46 03 00 00
04 0b 32 03 00 00 0d 0b  32 03 00 00 12 0b 46 03
00 00 1d 0b 46 03 00 00  27 0b 32 03 00 00 2d 0b
32 03 02 00 02 00 03 00  02 00 03 00 05 00 02 00
04 00 07 00 02 00 09 00  09 00 02 00 0a 00 0b 00
02 00 0b 00 0d 00 02 00  0c 00 0f 00 02 00 0d 00
11 00 02 00 0e 00 13 00  02 00 0f 00 15 00 02 00
10 00 17 00 02 00 11 00  19 00 01 00 12 00 19 00
02 00 13 00 1b 00 01 00  14 00 1b 00 6d 00 71 00
04 80 00 00 00 00 00 00  00 00 00 00 00 00 00 00
00 00 35 0b 00 00 02 00  00 00 00 00 00 00 00 00
00 00 79 03 19 01 00 00  00 00 02 00 00 00 00 00
00 00 00 00 00 00 79 03  b1 0b 00 00 00 00 02 00
00 00 00 00 00 00 00 00  00 00 79 03 fe 02 00 00
00 00 00 00 00 3c 4d 6f  64 75 6c 65 3e 00 4d 6f
6e 6f 2e 54 6f 6f 6c 73  00 50 6f 73 69 74 69 6f
6e 00 47 72 6f 75 70 44  65 66 69 6e 69 74 69 6f
6e 00 43 6f 6d 70 69 6c  65 55 70 6c 65 76 65 6c
00 73 74 61 72 74 00 65  6e 64 00 72 65 74 75 72
6e 54 72 75 65 00 43 6f  64 65 4d 65 74 68 6f 64
52 65 74 75 72 6e 53 74  61 74 65 6d 65 6e 74 00
53 79 73 74 65 6d 2e 43  6f 64 65 44 6f 6d 00 72
65 74 75 72 6e 46 61 6c  73 65 00 70 6f 73 69 74
69 6f 6e 73 00 41 72 72  61 79 4c 69 73 74 00 53
79 73 74 65 6d 2e 43 6f  6c 6c 65 63 74 69 6f 6e
73 00 6d 61 74 63 68 65  73 00 63 68 69 6c 64 47
72 6f 75 70 73 00 65 78  63 65 70 74 69 6f 6e 73
00 64 65 66 61 75 6c 74  4a 53 00 73 63 61 6e 66
72 6f 6d 00 73 6b 69 70  00 6c 65 76 65 6c 00 67
72 6f 75 70 49 64 00 53  74 72 69 6e 67 42 75 69
6c 64 65 72 00 53 79 73  74 65 6d 2e 54 65 78 74
00 2e 63 74 6f 72 00 49  6e 74 33 32 00 53 79 73
74 65 6d 00 41 70 70 65  6e 64 46 6f 72 6d 61 74
00 41 70 70 65 6e 64 00  4f 62 6a 65 63 74 00 54
6f 53 74 72 69 6e 67 00  53 74 72 69 6e 67 00 67
65 74 5f 4c 65 6e 67 74  68 00 41 72 67 75 6d 65
6e 74 45 78 63 65 70 74  69 6f 6e 00 43 68 61 72
00 53 70 6c 69 74 00 41  70 70 6c 69 63 61 74 69
6f 6e 45 78 63 65 70 74  69 6f 6e 00 50 61 72 73
65 00 45 78 63 65 70 74  69 6f 6e 00 6d 61 74 63
68 00 46 6f 72 6d 61 74  00 43 6f 64 65 42 69 6e
61 72 79 4f 70 65 72 61  74 6f 72 45 78 70 72 65
73 73 69 6f 6e 00 43 6f  64 65 56 61 72 69 61 62
6c 65 52 65 66 65 72 65  6e 63 65 45 78 70 72 65
73 73 69 6f 6e 00 43 6f  64 65 45 78 70 72 65 73
73 69 6f 6e 00 43 6f 64  65 50 72 69 6d 69 74 69
76 65 45 78 70 72 65 73  73 69 6f 6e 00 43 6f 64
65 41 72 72 61 79 49 6e  64 65 78 65 72 45 78 70
72 65 73 73 69 6f 6e 00  73 65 74 5f 4c 65 66 74
00 73 65 74 5f 4f 70 65  72 61 74 6f 72 00 43 6f
64 65 42 69 6e 61 72 79  4f 70 65 72 61 74 6f 72
54 79 70 65 00 67 65 74  5f 43 68 61 72 73 00 73
65 74 5f 52 69 67 68 74  00 54 79 70 65 00 47 65
74 54 79 70 65 46 72 6f  6d 48 61 6e 64 6c 65 00
52 75 6e 74 69 6d 65 54  79 70 65 48 61 6e 64 6c
65 00 54 6f 41 72 72 61  79 00 41 72 72 61 79 00
76 61 6c 75 65 00 49 45  6e 75 6d 65 72 61 74 6f
72 00 47 65 74 45 6e 75  6d 65 72 61 74 6f 72 00
67 65 74 5f 43 75 72 72  65 6e 74 00 4d 6f 76 65
4e 65 78 74 00 49 44 69  73 70 6f 73 61 62 6c 65
00 44 69 73 70 6f 73 65  00 42 6f 6f 6c 65 61 6e
00 72 65 61 64 65 72 00  58 6d 6c 52 65 61 64 65
72 00 53 79 73 74 65 6d  2e 58 6d 6c 00 47 65 74
41 74 74 72 69 62 75 74  65 00 41 64 64 00 67 65
74 5f 43 6f 75 6e 74 00  54 72 69 6d 00 43 6f 64
65 43 6f 6d 70 69 6c 65  55 6e 69 74 00 43 6f 64
65 4e 61 6d 65 73 70 61  63 65 00 67 65 74 5f 4e
61 6d 65 73 70 61 63 65  73 00 43 6f 64 65 4e 61
6d 65 73 70 61 63 65 43  6f 6c 6c 65 63 74 69 6f
6e 00 67 65 74 5f 49 6d  70 6f 72 74 73 00 43 6f
64 65 4e 61 6d 65 73 70  61 63 65 49 6d 70 6f 72
74 43 6f 6c 6c 65 63 74  69 6f 6e 00 43 6f 64 65
4e 61 6d 65 73 70 61 63  65 49 6d 70 6f 72 74 00
43 6f 64 65 54 79 70 65  44 65 63 6c 61 72 61 74
69 6f 6e 00 73 65 74 5f  54 79 70 65 41 74 74 72
69 62 75 74 65 73 00 54  79 70 65 41 74 74 72 69
62 75 74 65 73 00 53 79  73 74 65 6d 2e 52 65 66
6c 65 63 74 69 6f 6e 00  67 65 74 5f 54 79 70 65
73 00 43 6f 64 65 54 79  70 65 44 65 63 6c 61 72
61 74 69 6f 6e 43 6f 6c  6c 65 63 74 69 6f 6e 00
43 6f 64 65 4d 65 6d 62  65 72 4d 65 74 68 6f 64
00 43 6f 64 65 54 79 70  65 4d 65 6d 62 65 72 00
73 65 74 5f 4e 61 6d 65  00 43 6f 64 65 54 79 70
65 52 65 66 65 72 65 6e  63 65 00 73 65 74 5f 52
65 74 75 72 6e 54 79 70  65 00 67 65 74 5f 50 61
72 61 6d 65 74 65 72 73  00 43 6f 64 65 50 61 72
61 6d 65 74 65 72 44 65  63 6c 61 72 61 74 69 6f
6e 45 78 70 72 65 73 73  69 6f 6e 43 6f 6c 6c 65
63 74 69 6f 6e 00 43 6f  64 65 50 61 72 61 6d 65
74 65 72 44 65 63 6c 61  72 61 74 69 6f 6e 45 78
70 72 65 73 73 69 6f 6e  00 73 65 74 5f 41 74 74
72 69 62 75 74 65 73 00  4d 65 6d 62 65 72 41 74
74 72 69 62 75 74 65 73  00 43 6f 64 65 41 72 67
75 6d 65 6e 74 52 65 66  65 72 65 6e 63 65 45 78
70 72 65 73 73 69 6f 6e  00 67 65 74 5f 53 74 61
74 65 6d 65 6e 74 73 00  43 6f 64 65 53 74 61 74
65 6d 65 6e 74 43 6f 6c  6c 65 63 74 69 6f 6e 00
43 6f 64 65 53 74 61 74  65 6d 65 6e 74 00 43 6f
64 65 43 6f 6e 64 69 74  69 6f 6e 53 74 61 74 65
6d 65 6e 74 00 43 6f 64  65 50 72 6f 70 65 72 74
79 52 65 66 65 72 65 6e  63 65 45 78 70 72 65 73
73 69 6f 6e 00 43 6f 64  65 56 61 72 69 61 62 6c
65 44 65 63 6c 61 72 61  74 69 6f 6e 53 74 61 74
65 6d 65 6e 74 00 73 65  74 5f 44 69 72 65 63 74
69 6f 6e 00 46 69 65 6c  64 44 69 72 65 63 74 69
6f 6e 00 43 6f 64 65 41  73 73 69 67 6e 53 74 61
74 65 6d 65 6e 74 00 6d  61 69 6e 43 6c 61 73 73
00 61 73 73 69 67 6e 48  61 73 4a 61 76 61 53 63
72 69 70 74 00 67 65 74  5f 54 72 75 65 53 74 61
74 65 6d 65 6e 74 73 00  67 65 74 5f 4d 65 6d 62
65 72 73 00 43 6f 64 65  54 79 70 65 4d 65 6d 62
65 72 43 6f 6c 6c 65 63  74 69 6f 6e 00 43 6f 64
65 44 69 72 65 63 74 69  6f 6e 45 78 70 72 65 73
73 69 6f 6e 00 43 6f 64  65 54 79 70 65 52 65 66
65 72 65 6e 63 65 45 78  70 72 65 73 73 69 6f 6e
00 67 65 74 5f 4e 61 6d  65 00 43 6f 64 65 4d 65
74 68 6f 64 52 65 66 65  72 65 6e 63 65 45 78 70
72 65 73 73 69 6f 6e 00  43 6f 64 65 4d 65 74 68
6f 64 49 6e 76 6f 6b 65  45 78 70 72 65 73 73 69
6f 6e 00 73 65 74 5f 43  6f 6e 64 69 74 69 6f 6e
00 67 65 74 5f 46 61 6c  73 65 53 74 61 74 65 6d
65 6e 74 73 00 67 65 74  5f 49 74 65 6d 00 6d 61
74 63 68 4c 65 6e 67 74  68 00 73 74 61 72 74 50
6f 73 69 74 69 6f 6e 00  43 6f 64 65 49 74 65 72
61 74 69 6f 6e 53 74 61  74 65 6d 65 6e 74 00 73
65 74 5f 49 6e 69 74 53  74 61 74 65 6d 65 6e 74
00 73 65 74 5f 49 6e 63  72 65 6d 65 6e 74 53 74
61 74 65 6d 65 6e 74 00  73 65 74 5f 54 65 73 74
45 78 70 72 65 73 73 69  6f 6e 00 61 72 67 73 00
43 6f 6e 73 6f 6c 65 00  67 65 74 5f 45 72 72 6f
72 00 54 65 78 74 57 72  69 74 65 72 00 53 79 73
74 65 6d 2e 49 4f 00 57  72 69 74 65 4c 69 6e 65
00 57 72 69 74 65 00 66  6f 72 6d 61 74 00 70 61
72 6d 73 00 50 61 72 61  6d 41 72 72 61 79 41 74
74 72 69 62 75 74 65 00  45 6e 76 69 72 6f 6e 6d
65 6e 74 00 45 78 69 74  00 67 64 00 69 6e 64 65
6e 74 00 53 74 61 63 6b  00 53 75 62 73 74 72 69
6e 67 00 54 6f 4c 6f 77  65 72 00 6f 70 5f 45 71
75 61 6c 69 74 79 00 58  6d 6c 4e 6f 64 65 54 79
70 65 00 58 6d 6c 54 65  78 74 52 65 61 64 65 72
00 67 65 74 5f 4e 6f 64  65 54 79 70 65 00 50 65
65 6b 00 67 65 74 5f 4c  6f 63 61 6c 4e 61 6d 65
00 6f 70 5f 49 6e 65 71  75 61 6c 69 74 79 00 50
6f 70 00 50 75 73 68 00  52 65 61 64 00 43 6c 6f
73 65 00 43 6f 64 65 44  6f 6d 50 72 6f 76 69 64
65 72 00 53 79 73 74 65  6d 2e 43 6f 64 65 44 6f
6d 2e 43 6f 6d 70 69 6c  65 72 00 43 53 68 61 72
70 43 6f 64 65 50 72 6f  76 69 64 65 72 00 4d 69
63 72 6f 73 6f 66 74 2e  43 53 68 61 72 70 00 49
43 6f 64 65 47 65 6e 65  72 61 74 6f 72 00 43 72
65 61 74 65 47 65 6e 65  72 61 74 6f 72 00 67 65
74 5f 4f 75 74 00 53 74  72 65 61 6d 57 72 69 74
65 72 00 49 6e 64 65 6e  74 65 64 54 65 78 74 57
72 69 74 65 72 00 43 6f  64 65 47 65 6e 65 72 61
74 6f 72 4f 70 74 69 6f  6e 73 00 47 65 6e 65 72
61 74 65 43 6f 64 65 46  72 6f 6d 43 6f 6d 70 69
6c 65 55 6e 69 74 00 67  65 74 5f 53 74 61 72 74
00 67 65 74 5f 45 6e 64  00 67 65 74 5f 52 65 71
75 69 72 65 64 55 41 4c  65 6e 67 74 68 00 47 65
74 45 78 70 72 65 73 73  69 6f 6e 00 67 65 74 5f
50 6f 73 69 74 69 6f 6e  73 00 67 65 74 5f 4d 61
74 63 68 65 73 00 67 65  74 5f 43 68 69 6c 64 47
72 6f 75 70 73 00 67 65  74 5f 44 65 66 61 75 6c
74 4a 53 00 67 65 74 5f  53 63 61 6e 46 72 6f 6d
00 67 65 74 5f 53 6b 69  70 00 67 65 74 5f 50 6f
73 69 74 69 6f 6e 61 6c  00 67 65 74 5f 47 72 6f
75 70 5a 65 72 6f 00 67  65 74 5f 4c 65 76 65 6c
00 73 65 74 5f 4c 65 76  65 6c 00 67 65 74 5f 47
72 6f 75 70 49 64 00 73  65 74 5f 47 72 6f 75 70
49 64 00 41 64 64 45 78  63 65 70 74 00 49 6e 69
74 4d 61 74 63 68 65 73  00 49 6e 69 74 50 6f 73
69 74 69 6f 6e 73 00 49  6e 69 74 53 63 61 6e 66
72 6f 6d 00 47 65 6e 65  72 61 74 65 43 6f 64 65
00 47 65 74 4d 61 69 6e  4d 65 74 68 6f 64 00 47
65 74 47 72 6f 75 70 4d  65 74 68 6f 64 00 47 65
6e 65 72 61 74 65 45 78  63 65 70 74 69 6f 6e 73
00 47 65 6e 65 72 61 74  65 4d 65 74 68 6f 64 00
47 65 6e 65 72 61 74 65  43 6f 6e 64 69 74 69 6f
6e 53 74 61 74 65 6d 65  6e 74 00 47 65 6e 65 72
61 74 65 50 6f 73 69 74  69 6f 6e 61 6c 45 78 70
72 65 73 73 69 6f 6e 00  47 65 6e 65 72 61 74 65
53 63 61 6e 4d 65 74 68  6f 64 00 47 65 6e 65 72
61 74 65 53 63 61 6e 43  6f 6e 64 69 74 69 6f 6e
00 47 65 6e 65 72 61 74  65 53 63 61 6e 66 72 6f
6d 45 78 70 72 65 73 73  69 6f 6e 00 4d 61 69 6e
00 55 73 61 67 65 00 44  75 6d 70 47 72 6f 75 70
00 52 75 6e 00 53 74 61  72 74 00 45 6e 64 00 52
65 71 75 69 72 65 64 55  41 4c 65 6e 67 74 68 00
50 6f 73 69 74 69 6f 6e  73 00 4d 61 74 63 68 65
73 00 43 68 69 6c 64 47  72 6f 75 70 73 00 44 65
66 61 75 6c 74 4a 53 00  53 63 61 6e 46 72 6f 6d
00 53 6b 69 70 00 50 6f  73 69 74 69 6f 6e 61 6c
00 47 72 6f 75 70 5a 65  72 6f 00 4c 65 76 65 6c
00 47 72 6f 75 70 49 64  00 63 75 6c 65 76 65 6c
00 44 65 62 75 67 67 61  62 6c 65 41 74 74 72 69
62 75 74 65 00 53 79 73  74 65 6d 2e 44 69 61 67
6e 6f 73 74 69 63 73 00  44 65 62 75 67 67 69 6e
67 4d 6f 64 65 73 00 52  75 6e 74 69 6d 65 43 6f
6d 70 61 74 69 62 69 6c  69 74 79 41 74 74 72 69
62 75 74 65 00 53 79 73  74 65 6d 2e 52 75 6e 74
69 6d 65 2e 43 6f 6d 70  69 6c 65 72 53 65 72 76
69 63 65 73 00 6d 73 63  6f 72 6c 69 62 00 63 75
6c 65 76 65 6c 2e 65 78  65 00 00 00 00 15 50 00
6f 00 73 00 69 00 74 00  69 00 6f 00 6e 00 20 00
7b 00 00 07 7b 00 30 00  7d 00 00 0d 2c 00 7b 00
30 00 7d 00 7d 00 7d 00  00 03 7d 00 00 4b 27 00
70 00 6f 00 73 00 69 00  74 00 69 00 6f 00 6e 00
73 00 27 00 20 00 6d 00  75 00 73 00 74 00 20 00
6e 00 6f 00 74 00 20 00  62 00 65 00 20 00 6e 00
75 00 6c 00 6c 00 20 00  6f 00 72 00 20 00 65 00
6d 00 70 00 74 00 79 00  00 80 8d 53 00 79 00 6e
00 74 00 61 00 78 00 20  00 65 00 72 00 72 00 6f
00 72 00 20 00 69 00 6e  00 20 00 74 00 68 00 65
00 20 00 70 00 6f 00 73  00 69 00 74 00 69 00 6f
00 6e 00 73 00 20 00 61  00 74 00 74 00 72 00 69
00 62 00 75 00 74 00 65  00 20 00 2d 00 20 00 6f
00 6e 00 6c 00 79 00 20  00 6f 00 6e 00 65 00 20
00 64 00 61 00 73 00 68  00 20 00 63 00 61 00 6e
00 20 00 62 00 65 00 20  00 70 00 72 00 65 00 73
00 65 00 6e 00 74 00 00  59 54 00 68 00 65 00 20
00 27 00 70 00 6f 00 73  00 69 00 74 00 69 00 6f
00 6e 00 73 00 27 00 20  00 61 00 74 00 74 00 72
00 69 00 62 00 75 00 74  00 65 00 20 00 68 00 61
00 73 00 20 00 69 00 6e  00 76 00 61 00 6c 00 69
00 64 00 20 00 73 00 79  00 6e 00 74 00 61 00 78
00 00 31 53 00 74 00 61  00 72 00 74 00 20 00 6d
00 75 00 73 00 74 00 20  00 62 00 65 00 20 00 30
00 20 00 6f 00 72 00 20  00 6d 00 6f 00 72 00 65
00 2e 00 00 5f 45 00 6e  00 64 00 20 00 6f 00 66
00 20 00 72 00 61 00 6e  00 67 00 65 00 20 00 6d
00 75 00 73 00 74 00 20  00 6e 00 6f 00 74 00 20
00 62 00 65 00 20 00 73  00 6d 00 61 00 6c 00 6c
00 65 00 72 00 20 00 74  00 68 00 61 00 6e 00 20
00 69 00 74 00 73 00 20  00 73 00 74 00 61 00 72
00 74 00 00 6d 4d 00 61  00 74 00 63 00 68 00 20
00 73 00 74 00 72 00 69  00 6e 00 67 00 20 00 27
00 7b 00 30 00 7d 00 27  00 20 00 68 00 61 00 73
00 20 00 69 00 6e 00 63  00 6f 00 72 00 72 00 65
00 63 00 74 00 20 00 6c  00 65 00 6e 00 67 00 74
00 68 00 20 00 28 00 65  00 78 00 70 00 65 00 63
00 74 00 65 00 64 00 20  00 7b 00 31 00 7d 00 29
00 00 05 75 00 61 00 00  13 47 00 72 00 6f 00 75
00 70 00 5a 00 65 00 72  00 6f 00 00 0f 47 00 72
00 6f 00 75 00 70 00 3a  00 20 00 00 17 70 00 6f
00 73 00 69 00 74 00 69  00 6f 00 6e 00 73 00 20
00 3d 00 00 0d 20 00 5b  00 7b 00 30 00 7d 00 5d
00 00 2d 73 00 63 00 61  00 6e 00 66 00 72 00 6f
00 6d 00 20 00 7b 00 30  00 7d 00 2c 00 20 00 73
00 6b 00 69 00 70 00 20  00 7b 00 31 00 7d 00 00
17 3b 00 20 00 6d 00 61  00 74 00 63 00 68 00 65
00 73 00 20 00 3d 00 00  13 70 00 6f 00 73 00 69
00 74 00 69 00 6f 00 6e  00 73 00 00 11 73 00 63
00 61 00 6e 00 66 00 72  00 6f 00 6d 00 00 80 81
54 00 68 00 65 00 20 00  27 00 70 00 6f 00 73 00
69 00 74 00 69 00 6f 00  6e 00 73 00 27 00 20 00
61 00 6e 00 64 00 20 00  27 00 73 00 63 00 61 00
6e 00 66 00 72 00 6f 00  6d 00 27 00 20 00 61 00
74 00 74 00 72 00 69 00  62 00 75 00 74 00 65 00
73 00 20 00 61 00 72 00  65 00 20 00 6d 00 75 00
74 00 75 00 61 00 6c 00  6c 00 79 00 20 00 65 00
78 00 63 00 6c 00 75 00  73 00 69 00 76 00 65 00
00 80 b1 45 00 78 00 61  00 63 00 74 00 6c 00 79
00 20 00 6f 00 6e 00 65  00 20 00 6f 00 66 00 20
00 74 00 68 00 65 00 20  00 27 00 70 00 6f 00 73
00 69 00 74 00 69 00 6f  00 6e 00 73 00 27 00 20
00 6f 00 72 00 20 00 27  00 73 00 63 00 61 00 6e
00 66 00 72 00 6f 00 6d  00 27 00 20 00 61 00 74
00 74 00 72 00 69 00 62  00 75 00 74 00 65 00 73
00 20 00 6d 00 75 00 73  00 74 00 20 00 62 00 65
00 20 00 70 00 72 00 65  00 73 00 65 00 6e 00 74
00 20 00 61 00 6e 00 64  00 20 00 68 00 61 00 76
00 65 00 20 00 61 00 20  00 76 00 61 00 6c 00 75
00 65 00 00 15 6a 00 61  00 76 00 61 00 73 00 63
00 72 00 69 00 70 00 74  00 00 80 b5 49 00 6e 00
76 00 61 00 6c 00 69 00  64 00 20 00 76 00 61 00
6c 00 75 00 65 00 20 00  6f 00 66 00 20 00 74 00
68 00 65 00 20 00 27 00  6a 00 61 00 76 00 61 00
73 00 63 00 72 00 69 00  70 00 74 00 27 00 20 00
61 00 74 00 74 00 72 00  69 00 62 00 75 00 74 00
65 00 2e 00 20 00 4d 00  75 00 73 00 74 00 20 00
62 00 65 00 20 00 61 00  20 00 76 00 61 00 6c 00
69 00 64 00 20 00 62 00  6f 00 6f 00 6c 00 65 00
61 00 6e 00 20 00 76 00  61 00 6c 00 75 00 65 00
20 00 28 00 74 00 72 00  75 00 65 00 20 00 6f 00
72 00 20 00 66 00 61 00  6c 00 73 00 65 00 29 00
00 0b 6d 00 61 00 74 00  63 00 68 00 00 3b 4d 00
69 00 73 00 73 00 69 00  6e 00 67 00 20 00 74 00
68 00 65 00 20 00 27 00  6d 00 61 00 74 00 63 00
68 00 27 00 20 00 61 00  74 00 74 00 72 00 69 00
62 00 75 00 74 00 65 00  00 80 bd 4e 00 75 00 6d
00 62 00 65 00 72 00 20  00 6f 00 66 00 20 00 6d
00 61 00 74 00 63 00 68  00 65 00 73 00 20 00 70
00 72 00 6f 00 76 00 69  00 64 00 65 00 64 00 20
00 69 00 6e 00 20 00 74  00 68 00 65 00 20 00 27
00 6d 00 61 00 74 00 63  00 68 00 27 00 20 00 61
00 74 00 74 00 72 00 69  00 62 00 75 00 74 00 65
00 20 00 69 00 73 00 20  00 64 00 69 00 66 00 66
00 65 00 72 00 65 00 6e  00 74 00 20 00 74 00 68
00 61 00 74 00 20 00 74  00 68 00 65 00 20 00 6e
00 75 00 6d 00 62 00 65  00 72 00 20 00 6f 00 66
00 20 00 70 00 6f 00 73  00 69 00 74 00 69 00 6f
00 6e 00 73 00 2e 00 00  09 73 00 6b 00 69 00 70
00 00 75 49 00 6e 00 76  00 61 00 6c 00 69 00 64
00 20 00 76 00 61 00 6c  00 75 00 65 00 20 00 6f
00 66 00 20 00 74 00 68  00 65 00 20 00 27 00 73
00 6b 00 69 00 70 00 27  00 20 00 61 00 74 00 74
00 72 00 69 00 62 00 75  00 74 00 65 00 2e 00 20
00 4d 00 75 00 73 00 74  00 20 00 62 00 65 00 20
00 61 00 6e 00 20 00 69  00 6e 00 74 00 65 00 67
00 65 00 72 00 2e 00 00  7d 49 00 6e 00 76 00 61
00 6c 00 69 00 64 00 20  00 76 00 61 00 6c 00 75
00 65 00 20 00 6f 00 66  00 20 00 74 00 68 00 65
00 20 00 27 00 73 00 63  00 61 00 6e 00 66 00 72
00 6f 00 6d 00 27 00 20  00 61 00 74 00 74 00 72
00 69 00 62 00 75 00 74  00 65 00 2e 00 20 00 4d
00 75 00 73 00 74 00 20  00 62 00 65 00 20 00 61
00 6e 00 20 00 69 00 6e  00 74 00 65 00 67 00 65
00 72 00 2e 00 00 4f 43  00 6f 00 64 00 65 00 20
00 63 00 61 00 6e 00 20  00 62 00 65 00 20 00 67
00 65 00 6e 00 65 00 72  00 61 00 74 00 65 00 64
00 20 00 6f 00 6e 00 6c  00 79 00 20 00 62 00 79
00 20 00 47 00 72 00 6f  00 75 00 70 00 5a 00 65
00 72 00 6f 00 00 15 53  00 79 00 73 00 74 00 65
00 6d 00 2e 00 57 00 65  00 62 00 00 0d 53 00 79
00 73 00 74 00 65 00 6d  00 00 1b 55 00 70 00 6c
00 65 00 76 00 65 00 6c  00 48 00 65 00 6c 00 70
00 65 00 72 00 00 13 49  00 73 00 55 00 70 00 6c
00 65 00 76 00 65 00 6c  00 00 11 75 00 61 00 6c
00 65 00 6e 00 67 00 74  00 68 00 00 0d 4c 00 65
00 6e 00 67 00 74 00 68  00 00 1b 68 00 61 00 73
00 4a 00 61 00 76 00 61  00 53 00 63 00 72 00 69
00 70 00 74 00 00 31 44  00 65 00 74 00 65 00 72
00 6d 00 69 00 6e 00 65  00 55 00 70 00 6c 00 65
00 76 00 65 00 6c 00 5f  00 7b 00 30 00 7d 00 5f
00 7b 00 31 00 7d 00 00  29 53 00 63 00 61 00 6e
00 46 00 6f 00 72 00 4d  00 61 00 74 00 63 00 68
00 5f 00 7b 00 30 00 7d  00 5f 00 7b 00 31 00 7d
00 00 1b 73 00 74 00 61  00 72 00 74 00 50 00 6f
00 73 00 69 00 74 00 69  00 6f 00 6e 00 00 17 65
00 6e 00 64 00 50 00 6f  00 73 00 69 00 74 00 69
00 6f 00 6e 00 00 0d 75  00 61 00 6c 00 65 00 66
00 74 00 00 6b 45 00 78  00 63 00 65 00 70 00 74
00 69 00 6f 00 6e 00 20  00 63 00 61 00 75 00 67
00 68 00 74 00 20 00 77  00 68 00 69 00 6c 00 65
00 20 00 67 00 65 00 6e  00 65 00 72 00 61 00 74
00 69 00 6e 00 67 00 20  00 55 00 70 00 6c 00 65
00 76 00 65 00 6c 00 48  00 65 00 6c 00 70 00 65
00 72 00 20 00 63 00 6f  00 64 00 65 00 3a 00 00
81 f3 55 00 73 00 61 00  67 00 65 00 3a 00 20 00
63 00 75 00 6c 00 65 00  76 00 65 00 6c 00 20 00
5b 00 4f 00 50 00 54 00  49 00 4f 00 4e 00 53 00
5d 00 20 00 49 00 4e 00  50 00 55 00 54 00 5f 00
46 00 49 00 4c 00 45 00  0a 00 4f 00 70 00 74 00
69 00 6f 00 6e 00 73 00  3a 00 0a 00 20 00 20 00
20 00 20 00 2d 00 6f 00  7c 00 2d 00 2d 00 6f 00
7c 00 2d 00 6f 00 75 00  74 00 70 00 75 00 74 00
7c 00 2d 00 2d 00 6f 00  75 00 74 00 70 00 75 00
74 00 20 00 20 00 20 00  20 00 66 00 69 00 6c 00
65 00 20 00 74 00 6f 00  20 00 77 00 72 00 69 00
74 00 65 00 20 00 74 00  68 00 65 00 20 00 67 00
65 00 6e 00 65 00 72 00  61 00 74 00 65 00 64 00
20 00 63 00 6f 00 64 00  65 00 20 00 74 00 6f 00
2e 00 0a 00 20 00 20 00  20 00 20 00 20 00 20 00
20 00 20 00 20 00 20 00  20 00 20 00 20 00 20 00
20 00 20 00 20 00 20 00  20 00 20 00 20 00 20 00
20 00 20 00 20 00 20 00  20 00 20 00 20 00 20 00
20 00 49 00 66 00 20 00  6e 00 6f 00 74 00 20 00
73 00 70 00 65 00 63 00  69 00 66 00 69 00 65 00
64 00 2c 00 20 00 6f 00  75 00 74 00 70 00 75 00
74 00 20 00 67 00 6f 00  65 00 73 00 20 00 74 00
6f 00 20 00 74 00 68 00  65 00 20 00 63 00 6f 00
6e 00 73 00 6f 00 6c 00  65 00 0a 00 20 00 20 00
20 00 20 00 2d 00 68 00  7c 00 2d 00 2d 00 68 00
7c 00 2d 00 68 00 65 00  6c 00 70 00 7c 00 2d 00
2d 00 68 00 65 00 6c 00  70 00 20 00 20 00 20 00
20 00 20 00 20 00 20 00  20 00 73 00 68 00 6f 00
77 00 20 00 74 00 68 00  69 00 73 00 20 00 75 00
73 00 61 00 67 00 65 00  20 00 69 00 6e 00 66 00
6f 00 72 00 6d 00 61 00  74 00 69 00 6f 00 6e 00
2e 00 0a 00 00 0d 7b 00  30 00 7d 00 7b 00 31 00
7d 00 00 39 49 00 6e 00  76 00 61 00 6c 00 69 00
64 00 20 00 6e 00 75 00  6d 00 62 00 65 00 72 00
20 00 6f 00 66 00 20 00  70 00 61 00 72 00 61 00
6d 00 65 00 74 00 65 00  72 00 73 00 00 03 6f 00
00 0d 6f 00 75 00 74 00  70 00 75 00 74 00 00 0f
2d 00 6f 00 75 00 74 00  70 00 75 00 74 00 00 03
68 00 00 09 68 00 65 00  6c 00 70 00 00 0b 2d 00
68 00 65 00 6c 00 70 00  00 31 4d 00 69 00 73 00
73 00 69 00 6e 00 67 00  20 00 6f 00 75 00 74 00
70 00 75 00 74 00 20 00  66 00 69 00 6c 00 65 00
20 00 6e 00 61 00 6d 00  65 00 00 45 55 00 6e 00
6b 00 6e 00 6f 00 77 00  6e 00 20 00 63 00 6f 00
6d 00 6d 00 61 00 6e 00  64 00 20 00 6c 00 69 00
6e 00 65 00 20 00 6f 00  70 00 74 00 69 00 6f 00
6e 00 3a 00 20 00 27 00  7b 00 30 00 7d 00 27 00
00 4f 4d 00 69 00 73 00  73 00 69 00 6e 00 67 00
20 00 69 00 6e 00 70 00  75 00 74 00 20 00 66 00
69 00 6c 00 65 00 20 00  6f 00 6e 00 20 00 74 00
68 00 65 00 20 00 63 00  6f 00 6d 00 6d 00 61 00
6e 00 64 00 20 00 6c 00  69 00 6e 00 65 00 2e 00
00 0d 65 00 78 00 63 00  65 00 70 00 74 00 00 63
49 00 6e 00 73 00 69 00  64 00 65 00 20 00 61 00
20 00 67 00 72 00 6f 00  75 00 70 00 20 00 62 00
75 00 74 00 20 00 74 00  68 00 65 00 72 00 65 00
20 00 69 00 73 00 20 00  6e 00 6f 00 20 00 67 00
72 00 6f 00 75 00 70 00  20 00 6f 00 6e 00 20 00
74 00 68 00 65 00 20 00  73 00 74 00 61 00 63 00
6b 00 00 0b 67 00 72 00  6f 00 75 00 70 00 00 5d
46 00 6f 00 75 00 6e 00  64 00 20 00 67 00 72 00
6f 00 75 00 70 00 20 00  65 00 6e 00 64 00 2c 00
20 00 62 00 75 00 74 00  20 00 6e 00 6f 00 20 00
63 00 75 00 72 00 72 00  65 00 6e 00 74 00 20 00
67 00 72 00 6f 00 75 00  70 00 20 00 6f 00 6e 00
20 00 73 00 74 00 61 00  63 00 6b 00 00 03 09 00
00 00 00 00 df 0f 11 60  e5 17 3f 48 9b a5 e2 2a
32 9e dc c6 00 02 06 08  03 06 12 05 03 06 12 09
02 06 02 04 20 01 01 0e  06 20 02 12 0d 0e 1c 05
20 01 12 0d 0e 03 20 00  0e 03 20 00 01 03 20 00
08 06 20 01 1d 0e 1d 03  04 00 01 08 0e 06 00 03
0e 0e 1c 1c 04 20 01 01  1c 08 20 02 01 12 35 1d
12 35 05 20 01 01 12 35  05 20 01 01 11 41 04 20
01 03 08 06 00 01 12 45  11 49 06 20 01 12 4d 12
45 03 1d 12 08 02 1d 0e  04 20 00 12 51 03 20 00
1c 03 20 00 02 07 20 03  12 0d 0e 1c 1c 04 20 01
0e 0e 04 00 01 02 0e 04  20 01 08 1c 04 20 01 01
08 04 20 00 12 69 05 20  01 08 12 65 04 20 00 12
6d 05 20 01 01 12 71 05  20 01 01 11 79 04 20 00
12 7d 05 20 01 08 12 75  05 20 01 01 12 45 06 20
01 01 12 80 89 05 20 00  12 80 8d 06 20 02 01 12
45 0e 06 20 01 08 12 80  91 06 20 01 01 11 80 95
05 20 00 12 80 9d 09 20  02 01 12 35 1d 12 80 a1
06 20 01 08 12 80 a1 06  20 02 01 12 35 0e 08 20
03 01 12 45 0e 12 35 06  20 01 01 11 80 b1 07 20
02 01 12 35 12 35 05 20  00 12 80 b9 06 20 01 08
12 80 85 08 20 02 01 11  80 b1 12 35 09 20 02 01
12 80 c5 1d 12 35 04 20  01 1c 08 09 20 03 01 12
35 11 41 12 35 06 20 01  01 12 80 a1 05 00 00 12
80 d5 04 01 00 00 00 06  20 02 01 0e 1d 1c 04 00
01 01 08 05 20 02 01 03  08 06 00 03 01 0e 1c 1c
04 20 01 0e 08 05 00 02  02 0e 0e 05 20 00 11 80
e5 05 20 00 12 80 f5 05  20 02 01 0e 02 07 20 02
01 12 80 d5 0e 0b 20 03  01 12 61 12 80 d5 12 81
01 04 07 01 1d 0e 04 07  01 12 0d 05 20 01 12 2d
0e 0d 07 07 08 12 2d 12  2d 12 2d 12 2d 08 08 05
20 01 01 12 5d 06 07 04  0e 0e 0e 0e 05 20 00 1d
12 08 04 20 00 1d 0e 04  20 00 12 09 0f 07 07 12
0d 12 08 12 51 12 55 0e  12 51 12 55 08 07 04 1d
0e 0e 1d 0e 08 06 20 02  01 12 5d 0e 03 07 01 0e
04 20 00 12 61 08 07 03  12 61 12 65 12 75 05 20
00 12 80 81 09 07 03 12  80 81 12 2d 12 2d 0b 07
03 12 80 81 12 80 91 12  80 b5 07 20 02 12 09 12
75 02 0d 07 05 12 09 12  80 a5 12 0c 12 51 12 55
07 20 01 12 80 81 12 75  2e 07 13 12 80 81 12 80
a5 12 80 a5 12 09 12 80  81 12 35 12 80 a5 12 51
12 55 12 80 bd 12 35 08  12 05 12 0c 12 51 12 80
a5 12 51 12 55 12 55 07  20 01 12 80 a5 12 75 05
07 01 12 80 a5 04 20 00  12 35 1e 07 0f 1d 12 08
1d 0e 12 09 08 08 12 08  12 2d 08 12 2d 12 2d 12
2d 12 51 12 55 12 2d 12  2d 07 20 03 12 2d 0e 08
08 15 07 0b 12 2d 08 08  08 12 80 99 12 2d 12 2d
12 2d 12 2d 12 2d 02 06  20 01 12 35 12 75 11 07
08 12 80 81 08 0e 08 08  12 2d 12 80 cd 12 80 a5
05 00 01 01 1d 0e 06 07  02 12 10 12 29 06 20 02
01 12 0c 08 08 07 03 12  0c 12 51 12 55 05 20 01
01 1d 0e 22 07 11 12 80  e1 12 0c 12 0c 12 0c 12
5d 0e 0e 0e 08 0e 11 80  e5 08 02 12 61 12 80 ed
12 80 f5 12 80 d5 03 28  00 08 05 28 00 1d 12 08
04 28 00 1d 0e 04 28 00  12 09 03 28 00 02 06 20
01 01 11 81 09 08 01 00  02 00 00 00 00 00 1e 01
00 01 00 54 02 16 57 72  61 70 4e 6f 6e 45 78 63
65 70 74 69 6f 6e 54 68  72 6f 77 73 01 08 b7 7a
5c 56 19 34 e0 89 00 00  00 00 00 00 00 00 00 00
c8 63 00 00 00 00 00 00  00 00 00 00 de 63 00 00
00 20 00 00 00 00 00 00  00 00 00 00 00 00 00 00
00 00 00 00 00 00 00 00  d0 63 00 00 00 00 00 00
00 00 5f 43 6f 72 45 78  65 4d 61 69 6e 00 6d 73
63 6f 72 65 65 2e 64 6c  6c 00 00 00 00 00 ff 25
00 20 40 00 00 00 00 00  00 00 00 00 00 00 00 00
