00 00 00 00 00 00 00 00  00 00 00 00 00 00 01 00
10 00 00 00 18 00 00 80  00 00 00 00 00 00 00 00
00 00 00 00 00 00 01 00  01 00 00 00 30 00 00 80
00 00 00 00 00 00 00 00  00 00 00 00 00 00 01 00
00 00 00 00 48 00 00 00  58 80 00 00 88 02 00 00
00 00 00 00 00 00 00 00  88 02 34 00 00 00 56 00
53 00 5f 00 56 00 45 00  52 00 53 00 49 00 4f 00
4e 00 5f 00 49 00 4e 00  46 00 4f 00 00 00 00 00
bd 04 ef fe 00 00 01 00  00 00 00 00 00 00 00 00
00 00 00 00 00 00 00 00  3f 00 00 00 00 00 00 00
04 00 00 00 02 00 00 00  00 00 00 00 00 00 00 00
00 00 00 00 44 00 00 00  01 00 56 00 61 00 72 00
46 00 69 00 6c 00 65 00  49 00 6e 00 66 00 6f 00
00 00 00 00 24 00 04 00  00 00 54 00 72 00 61 00
6e 00 73 00 6c 00 61 00  74 00 69 00 6f 00 6e 00
00 00 00 00 7f 00 b0 04  e8 01 00 00 01 00 53 00
74 00 72 00 69 00 6e 00  67 00 46 00 69 00 6c 00
65 00 49 00 6e 00 66 00  6f 00 00 00 c4 01 00 00
01 00 30 00 30 00 37 00  66 00 30 00 34 00 62 00
30 00 00 00 1c 00 02 00  01 00 43 00 6f 00 6d 00
6d 00 65 00 6e 00 74 00  73 00 00 00 20 00 00 00
24 00 02 00 01 00 43 00  6f 00 6d 00 70 00 61 00
6e 00 79 00 4e 00 61 00  6d 00 65 00 00 00 00 00
20 00 00 00 2c 00 02 00  01 00 46 00 69 00 6c 00
65 00 44 00 65 00 73 00  63 00 72 00 69 00 70 00
74 00 69 00 6f 00 6e 00  00 00 00 00 20 00 00 00
30 00 08 00 01 00 46 00  69 00 6c 00 65 00 56 00
65 00 72 00 73 00 69 00  6f 00 6e 00 00 00 00 00
30 00 2e 00 30 00 2e 00  30 00 2e 00 30 00 00 00
30 00 08 00 01 00 49 00  6e 00 74 00 65 00 72 00
6e 00 61 00 6c 00 4e 00  61 00 6d 00 65 00 00 00
63 00 75 00 6c 00 65 00  76 00 65 00 6c 00 00 00
28 00 02 00 01 00 4c 00  65 00 67 00 61 00 6c 00
43 00 6f 00 70 00 79 00  72 00 69 00 67 00 68 00
74 00 00 00 20 00 00 00  2c 00 02 00 01 00 4c 00
65 00 67 00 61 00 6c 00  54 00 72 00 61 00 64 00
65 00 6d 00 61 00 72 00  6b 00 73 00 00 00 00 00
20 00 00 00 40 00 0c 00  01 00 4f 00 72 00 69 00
67 00 69 00 6e 00 61 00  6c 00 46 00 69 00 6c 00
65 00 6e 00 61 00 6d 00  65 00 00 00 63 00 75 00
6c 00 65 00 76 00 65 00  6c 00 2e 00 65 00 78 00
65 00 00 00 24 00 02 00  01 00 50 00 72 00 6f 00
64 00 75 00 63 00 74 00  4e 00 61 00 6d 00 65 00
00 00 00 00 20 00 00 00  28 00 02 00 01 00 50 00
72 00 6f 00 64 00 75 00  63 00 74 00 56 00 65 00
72 00 73 00 69 00 6f 00  6e 00 00 00 20 00 00 00
00 00 00 00 00 00 00 00  00 00 00 00 00 00 00 00
00 00 00 00 00 00 00 00  00 00 00 00 00 00 00 00
00 00 00 00 00 00 00 00  00 00 00 00 00 00 00 00
00 00 00 00 00 00 00 00  00 00 00 00 00 00 00 00
00 00 00 00 00 00 00 00  00 00 00 00 00 00 00 00
00 00 00 00 00 00 00 00  00 00 00 00 00 00 00 00
00 00 00 00 00 00 00 00  00 00 00 00 00 00 00 00
00 00 00 00 00 00 00 00  00 00 00 00 00 00 00 00
00 00 00 00 00 00 00 00  00 00 00 00 00 00 00 00
00 00 00 00 00 00 00 00  00 00 00 00 00 00 00 00
00 00 00 00 00 00 00 00  00 00 00 00 00 00 00 00
00 00 00 00 00 00 00 00  00 00 00 00 00 00 00 00
00 00 00 00 00 00 00 00  00 00 00 00 00 00 00 00
00 00 00 00 00 00 00 00  00 00 00 00 00 00 00 00
00 00 00 00 00 00 00 00  00 00 00 00 00 00 00 00
00 00 00 00 00 00 00 00  00 00 00 00 00 00 00 00
00 00 00 00 00 00 00 00  00 00 00 00 00 00 00 00
00 00 00 00 00 00 00 00  00 00 00 00 00 00 00 00
