26 00 00 00 c7 00 00 00  6a 00 00 00 82 00 00 00
98 00 00 00 82 00 00 00  96 00 00 00 0a 00 00 00
01 00 00 00 92 00 00 00  bf 00 00 00 47 00 00 00
61 00 00 00 4c 00 00 00  13 00 00 00 fb 00 00 00
3f 00 00 00 12 00 00 00  fa 00 00 00 17 00 00 00
71 00 00 00 14 00 00 00  8a 00 00 00 8e 00 00 00
a4 00 00 00 7e 00 00 00  d3 00 00 00 d4 00 00 00
3a 00 00 00 c6 00 00 00  04 00 00 00 0c 00 00 00
6a 00 00 00 f7 00 00 00  8b 00 00 00 0e 00 00 00
85 00 00 00 42 00 00 00  f5 00 00 00 e9 00 00 00
5e 00 00 00 6c 00 00 00  b8 00 00 00 86 00 00 00
dd 00 00 00 15 00 00 00  73 00 00 00 94 00 00 00
be 00 00 00 4e 00 00 00  d0 00 00 00 52 00 00 00
b0 00 00 00 a8 00 00 00  76 00 00 00 e6 00 00 00
33 00 00 00 14 00 00 00  7d 00 00 00 42 00 00 00
f5 00 00 00 af 00 00 00  89 00 00 00 e9 00 00 00
58 00 00 00 db 00 00 00  ee 00 00 00 db 00 00 00
a5 00 00 00 47 00 00 00  64 00 00 00 31 00 00 00
de 00 00 00 b4 00 00 00  89 00 00 00 b1 00 00 00
70 00 00 00 a4 00 00 00  38 00 00 00 ee 00 00 00
b1 00 00 00 31 00 00 00  b1 00 00 00 9a 00 00 00
a8 00 00 00 ac 00 00 00  03 00 00 00 1a 00 00 00
39 00 00 00 cf 00 00 00  d5 00 00 00 57 00 00 00
0a 00 00 00 20 00 00 00  54 00 00 00 14 00 00 00
c0 00 00 00 05 00 00 00  8e 00 00 00 47 00 00 00
1a 00 00 00 23 00 00 00  d4 00 00 00 0e 00 00 00
4f 00 00 00 bc 00 00 00  b2 00 00 00 93 00 00 00
8e 00 00 00 2c 00 00 00  e0 00 00 00 50 00 00 00
9d 00 00 00 45 00 00 00  0c 00 00 00 42 00 00 00
a2 00 00 00 eb 00 00 00  e1 00 00 00 51 00 00 00
bf 00 00 00 b8 00 00 00  91 00 00 00 03 00 00 00
ed 00 00 00 f5 00 00 00  a3 00 00 00 2a 00 00 00
5a 00 00 00 d7 00 00 00  ad 00 00 00 0a 00 00 00
9c 00 00 00 e7 00 00 00  d9 00 00 00 9e 00 00 00
40 00 00 00 cd 00 00 00  96 00 00 00 d1 00 00 00
30 00 00 00 92 00 00 00  18 00 00 00 d6 00 00 00
c0 00 00 00 29 00 00 00  70 00 00 00 57 00 00 00
5e 00 00 00 5f 00 00 00  38 00 00 00 fb 00 00 00
69 00 00 00 f8 00 00 00  10 00 00 00 36 00 00 00
b0 00 00 00 1f 00 00 00  db 00 00 00 a2 00 00 00
eb 00 00 00 21 00 00 00  9a 00 00 00 c9 00 00 00
e2 00 00 00 b1 00 00 00  36 00 00 00 63 00 00 00
f7 00 00 00 38 00 00 00  73 00 00 00 79 00 00 00
03 00 00 00 0c 00 00 00  16 00 00 00 ca 00 00 00
dd 00 00 00 89 00 00 00  e8 00 00 00 32 00 00 00
ab 00 00 00 61 00 00 00  d2 00 00 00 ca 00 00 00
75 00 00 00 a3 00 00 00  9a 00 00 00 47 00 00 00
b5 00 00 00 d0 00 00 00  26 00 00 00 5a 00 00 00
5f 00 00 00 c0 00 00 00  70 00 00 00 3e 00 00 00
7f 00 00 00 34 00 00 00  92 00 00 00 66 00 00 00
9a 00 00 00 06 00 00 00  59 00 00 00 ef 00 00 00
23 00 00 00 d3 00 00 00  90 00 00 00 f9 00 00 00
45 00 00 00 80 00 00 00  0d 00 00 00 b2 00 00 00
ba 00 00 00 35 00 00 00  ae 00 00 00 3b 00 00 00
e0 00 00 00 d5 00 00 00  47 00 00 00 33 00 00 00
8e 00 00 00 d6 00 00 00  75 00 00 00 f7 00 00 00
b8 00 00 00 31 00 00 00  17 00 00 00 c3 00 00 00
ee 00 00 00 8b 00 00 00  37 00 00 00 f7 00 00 00
c4 00 00 00 a7 00 00 00  b8 00 00 00 3c 00 00 00
28 00 00 00 b4 00 00 00  22 00 00 00 42 00 00 00
c9 00 00 00 b8 00 00 00  1e 00 00 00 cd 00 00 00
79 00 00 00 2e 00 00 00  5c 00 00 00 04 00 00 00
71 00 00 00 2e 00 00 00  d3 00 00 00 36 00 00 00
5f 00 00 00 e2 00 00 00  fb 00 00 00 f5 00 00 00
5c 00 00 00 70 00 00 00  11 00 00 00 36 00 00 00
2d 00 00 00 7c 00 00 00  f9 00 00 00 3c 00 00 00
1c 00 00 00 b5 00 00 00  b1 00 00 00 9f 00 00 00
11 00 00 00 ab 00 00 00  81 00 00 00 d1 00 00 00
53 00 00 00 19 00 00 00  16 00 00 00 95 00 00 00
60 00 00 00 44 00 00 00  5e 00 00 00 7c 00 00 00
00 00 00 00 00 00 00 00  00 00 00 00 00 00 00 00
00 00 00 00 00 00 00 00  00 00 00 00 00 00 00 00
00 00 00 00 00 00 00 00  00 00 00 00 00 00 00 00
00 00 00 00 00 00 00 00  00 00 00 00 00 00 00 00
00 00 00 00 00 00 00 00  00 00 00 00 00 00 00 00
00 00 00 00 00 00 00 00  00 00 00 00 00 00 00 00
00 00 00 00 00 00 00 00  00 00 00 00 00 00 00 00
00 00 00 00 00 00 00 00  00 00 00 00 00 00 00 00
00 00 00 00 00 00 00 00  00 00 00 00 00 00 00 00
00 00 00 00 00 00 00 00  00 00 00 00 00 00 00 00
00 00 00 00 00 00 00 00  00 00 00 00 00 00 00 00
00 00 00 00 00 00 00 00  00 00 00 00 00 00 00 00
00 00 00 00 00 00 00 00  00 00 00 00 00 00 00 00
00 00 00 00 00 00 00 00  00 00 00 00 00 00 00 00
00 00 00 00 00 00 00 00  00 00 00 00 00 00 00 00
00 00 00 00 00 00 00 00  00 00 00 00 00 00 00 00
00 00 00 00 00 00 00 00  00 00 00 00 00 00 00 00
00 00 00 00 00 00 00 00  00 00 00 00 00 00 00 00
00 00 00 00 00 00 00 00  00 00 00 00 00 00 00 00
00 00 00 00 00 00 00 00  00 00 00 00 00 00 00 00
00 00 00 00 00 00 00 00  00 00 00 00 00 00 00 00
00 00 00 00 00 00 00 00  00 00 00 00 00 00 00 00
00 00 00 00 00 00 00 00  00 00 00 00 00 00 00 00
00 00 00 00 00 00 00 00  00 00 00 00 00 00 00 00
00 00 00 00 00 00 00 00  00 00 00 00 00 00 00 00
00 00 00 00 00 00 00 00  00 00 00 00 00 00 00 00
