13 00 00 00 4b 00 00 00  50 00 00 00 10 00 00 00
35 00 00 00 1a 00 00 00  28 00 00 00 5e 00 00 00
4b 00 00 00 12 00 00 00  5e 00 00 00 64 00 00 00
26 00 00 00 39 00 00 00  55 00 00 00 16 00 00 00
19 00 00 00 3e 00 00 00  3c 00 00 00 21 00 00 00
3a 00 00 00 10 00 00 00  4e 00 00 00 14 00 00 00
4b 00 00 00 a1 0f 00 00  95 00 00 00 cb 00 00 00
2c 00 00 00 90 00 00 00  f8 00 00 00 44 00 00 00
40 00 00 00 40 00 00 00  40 00 00 00 c1 00 00 00
04 00 00 00 44 00 00 00  30 00 00 00 3f 00 00 00
3f 00 00 00 90 00 00 00  88 00 00 00 b5 00 00 00
36 00 00 00 cb 00 00 00  85 00 00 00 3c 00 00 00
c1 00 00 00 04 00 00 00  04 00 00 00 31 00 00 00
3f 00 00 00 3f 00 00 00  93 00 00 00 96 00 00 00
97 00 00 00 68 00 00 00  a0 00 00 00 80 00 00 00
80 00 00 00 80 00 00 00  6b 00 00 00 9e 00 00 00
41 00 00 00 62 00 00 00  d6 00 00 00 03 00 00 00
76 00 00 00 a7 00 00 00  0d 00 00 00 96 00 00 00
f4 00 00 00 76 00 00 00  a9 00 00 00 41 00 00 00
6b 00 00 00 90 00 00 00  be 00 00 00 47 00 00 00
c3 00 00 00 88 00 00 00  b3 00 00 00 80 00 00 00
80 00 00 00 80 00 00 00  41 00 00 00 69 00 00 00
d0 00 00 00 01 00 00 00  29 00 00 00 b2 00 00 00
cd 00 00 00 49 00 00 00  98 00 00 00 2b 00 00 00
53 00 00 00 7e 00 00 00  07 00 00 00 83 00 00 00
44 00 00 00 78 00 00 00  40 00 00 00 40 00 00 00
40 00 00 00 cd 00 00 00  43 00 00 00 c5 00 00 00
1b 00 00 00 b5 00 00 00  11 00 00 00 b4 00 00 00
0f 00 00 00 01 00 00 00  21 00 00 00 94 00 00 00
c9 00 00 00 85 00 00 00  3c 00 00 00 2b 00 00 00
59 00 00 00 75 00 00 00  fe 00 00 00 3e 00 00 00
c7 00 00 00 43 00 00 00  20 00 00 00 31 00 00 00
00 00 00 00 00 00 00 00  00 00 00 00 31 00 00 00
d6 00 00 00 39 00 00 00  f2 00 00 00 74 00 00 00
09 00 00 00 8d 00 00 00  00 00 00 00 74 00 00 00
ec 00 00 00 bb 00 00 00  11 00 00 00 00 00 00 00
00 00 00 00 00 00 00 00  c6 00 00 00 85 00 00 00
d1 00 00 00 b1 00 00 00  ff 00 00 00 ff 00 00 00
2b 00 00 00 2b 00 00 00  4f 00 00 00 7e 00 00 00
07 00 00 00 81 00 00 00  48 00 00 00 d2 00 00 00
40 00 00 00 40 00 00 00  40 00 00 00 cd 00 00 00
56 00 00 00 01 00 00 00  23 00 00 00 90 00 00 00
c9 00 00 00 18 00 00 00  06 00 00 00 c5 00 00 00
12 00 00 00 f1 00 00 00  3f 00 00 00 3f 00 00 00
73 00 00 00 2b 00 00 00  4c 00 00 00 01 00 00 00
20 00 00 00 52 00 00 00  96 00 00 00 41 00 00 00
01 00 00 00 f5 00 00 00  78 00 00 00 0d 00 00 00
8a 00 00 00 fc 00 00 00  74 00 00 00 46 00 00 00
05 00 00 00 53 00 00 00  31 00 00 00 7f 00 00 00
7f 00 00 00 ea 00 00 00  6b 00 00 00 94 00 00 00
01 00 00 00 73 00 00 00  04 00 00 00 80 00 00 00
80 00 00 00 80 00 00 00  be 00 00 00 47 00 00 00
c6 00 00 00 90 00 00 00  e8 00 00 00 80 00 00 00
80 00 00 00 80 00 00 00  fe 00 00 00 70 00 00 00
7f 00 00 00 21 00 00 00  cd 00 00 00 53 00 00 00
cb 00 00 00 9d 00 00 00  3c 00 00 00 2b 00 00 00
58 00 00 00 2b 00 00 00  3e 00 00 00 c1 00 00 00
32 00 00 00 40 00 00 00  41 00 00 00 40 00 00 00
40 00 00 00 71 00 00 00  18 00 00 00 c5 00 00 00
1e 00 00 00 c1 00 00 00  23 00 00 00 d7 00 00 00
40 00 00 00 40 00 00 00  40 00 00 00 cd 00 00 00
da 00 00 00 bd 00 00 00  3f 00 00 00 3f 00 00 00
3f 00 00 00 33 00 00 00  f6 00 00 00 eb 00 00 00
1f 00 00 00 83 00 00 00  c8 00 00 00 63 00 00 00
85 00 00 00 f0 00 00 00  74 00 00 00 18 00 00 00
8d 00 00 00 1b 00 00 00  eb 00 00 00 14 00 00 00
ff 00 00 00 e0 00 00 00  85 00 00 00 c2 00 00 00
7c 00 00 00 0e 00 00 00  3e 00 00 00 c7 00 00 00
41 00 00 00 04 00 00 00  45 00 00 00 00 00 00 00
00 00 00 00 00 00 00 00  8d 00 00 00 0b 00 00 00
7e 00 00 00 2e 00 00 00  61 00 00 00 33 00 00 00
86 00 00 00 2b 00 00 00  5f 00 00 00 cd 00 00 00
9b 00 00 00 0e 00 00 00  01 00 00 00 29 00 00 00
c2 00 00 00 7e 00 00 00  07 00 00 00 80 00 00 00
60 00 00 00 c9 00 00 00  40 00 00 00 40 00 00 00
40 00 00 00 cd 00 00 00  91 00 00 00 08 00 00 00
7e 00 00 00 07 00 00 00  82 00 00 00 60 00 00 00
91 00 00 00 40 00 00 00  40 00 00 00 40 00 00 00
cd 00 00 00 30 00 00 00  ff 00 00 00 7f 00 00 00
7f 00 00 00 7f 00 00 00  0b 00 00 00 7b 00 00 00
83 00 00 00 7e 00 00 00  03 00 00 00 47 00 00 00
82 00 00 00 6b 00 00 00  af 00 00 00 0d 00 00 00
cb 00 00 00 5e 00 00 00  f4 00 00 00 7b 00 00 00
41 00 00 00 6b 00 00 00  13 00 00 00 be 00 00 00
47 00 00 00 c0 00 00 00  88 00 00 00 d1 00 00 00
80 00 00 00 80 00 00 00  80 00 00 00 0d 00 00 00
c1 00 00 00 cb 00 00 00  cd 00 00 00 52 00 00 00
2b 00 00 00 58 00 00 00  cd 00 00 00 80 00 00 00
ed 00 00 00 7e 00 00 00  07 00 00 00 86 00 00 00
44 00 00 00 97 00 00 00  40 00 00 00 40 00 00 00
40 00 00 00 cd 00 00 00  53 00 00 00 01 00 00 00
21 00 00 00 59 00 00 00  c3 00 00 00 03 00 00 00
b7 00 00 00 cd 00 00 00  b3 00 00 00 da 00 00 00
cd 00 00 00 76 00 00 00  cb 00 00 00 13 00 00 00
43 00 00 00 d6 00 00 00  4a 00 00 00 8a 00 00 00
12 00 00 00 8a 00 00 00  85 00 00 00 d1 00 00 00
b1 00 00 00 ff 00 00 00  ff 00 00 00 3a 00 00 00
d0 00 00 00 75 00 00 00  95 00 00 00 3a 00 00 00
85 00 00 00 d2 00 00 00  b1 00 00 00 ff 00 00 00
ff 00 00 00 74 00 00 00  8d 00 00 00 8b 00 00 00
55 00 00 00 fc 00 00 00  03 00 00 00 d6 00 00 00
8a 00 00 00 12 00 00 00  3a 00 00 00 95 00 00 00
d2 00 00 00 f1 00 00 00  3f 00 00 00 3f 00 00 00
4f 00 00 00 c5 00 00 00  ba 00 00 00 3f 00 00 00
3f 00 00 00 3f 00 00 00  7a 00 00 00 c5 00 00 00
13 00 00 00 f1 00 00 00  3f 00 00 00 3f 00 00 00
4f 00 00 00 c4 00 00 00  ae 00 00 00 3f 00 00 00
3f 00 00 00 3f 00 00 00  cb 00 00 00 85 00 00 00
3c 00 00 00 43 00 00 00  06 00 00 00 80 00 00 00
ca 00 00 00 40 00 00 00  7a 00 00 00 c5 00 00 00
13 00 00 00 31 00 00 00  7f 00 00 00 7f 00 00 00
8f 00 00 00 05 00 00 00  da 00 00 00 7f 00 00 00
7f 00 00 00 7f 00 00 00  6b 00 00 00 8d 00 00 00
0d 00 00 00 96 00 00 00  41 00 00 00 6b 00 00 00
92 00 00 00 0d 00 00 00  d6 00 00 00 57 00 00 00
41 00 00 00 62 00 00 00  19 00 00 00 0d 00 00 00
86 00 00 00 0b 00 00 00  5f 00 00 00 6b 00 00 00
9e 00 00 00 f5 00 00 00  7e 00 00 00 7f 00 00 00
51 00 00 00 01 00 00 00  21 00 00 00 d6 00 00 00
01 00 00 00 2e 00 00 00  b4 00 00 00 2b 00 00 00
52 00 00 00 b5 00 00 00  3e 00 00 00 cd 00 00 00
8b 00 00 00 1a 00 00 00  c5 00 00 00 09 00 00 00
b4 00 00 00 49 00 00 00  b4 00 00 00 35 00 00 00
01 00 00 00 28 00 00 00  80 00 00 00 cd 00 00 00
58 00 00 00 cd 00 00 00  4a 00 00 00 cb 00 00 00
bd 00 00 00 3c 00 00 00  2b 00 00 00 71 00 00 00
cd 00 00 00 16 00 00 00  8d 00 00 00 12 00 00 00
74 00 00 00 fa 00 00 00  8d 00 00 00 08 00 00 00
eb 00 00 00 27 00 00 00  8d 00 00 00 16 00 00 00
4b 00 00 00 83 00 00 00  eb 00 00 00 72 00 00 00
29 00 00 00 d2 00 00 00  eb 00 00 00 1d 00 00 00
8d 00 00 00 19 00 00 00  49 00 00 00 40 00 00 00
35 00 00 00 99 00 00 00  00 00 00 00 00 00 00 00
00 00 00 00 81 00 00 00  c9 00 00 00 95 00 00 00
00 00 00 00 40 00 00 00  40 00 00 00 cd 00 00 00
76 00 00 00 2b 00 00 00  4a 00 00 00 cd 00 00 00
b6 00 00 00 ef 00 00 00  69 00 00 00 01 00 00 00
cd 00 00 00 4e 00 00 00  41 00 00 00 10 00 00 00
8e 00 00 00 cb 00 00 00  03 00 00 00 2b 00 00 00
4b 00 00 00 cd 00 00 00  71 00 00 00 3f 00 00 00
16 00 00 00 cd 00 00 00  71 00 00 00 cd 00 00 00
88 00 00 00 ec 00 00 00  8a 00 00 00 8a 00 00 00
c9 00 00 00 05 00 00 00  40 00 00 00 31 00 00 00
7f 00 00 00 7f 00 00 00  6b 00 00 00 94 00 00 00
03 00 00 00 76 00 00 00  a0 00 00 00 b9 00 00 00
5b 00 00 00 f5 00 00 00  8d 00 00 00 03 00 00 00
49 00 00 00 a7 00 00 00  be 00 00 00 47 00 00 00
c1 00 00 00 a0 00 00 00  87 00 00 00 80 00 00 00
80 00 00 00 80 00 00 00  0d 00 00 00 90 00 00 00
83 00 00 00 77 00 00 00  03 00 00 00 46 00 00 00
82 00 00 00 c3 00 00 00  06 00 00 00 54 00 00 00
2b 00 00 00 52 00 00 00  71 00 00 00 18 00 00 00
79 00 00 00 01 00 00 00  b4 00 00 00 4c 00 00 00
c1 00 00 00 32 00 00 00  c0 00 00 00 40 00 00 00
40 00 00 00 40 00 00 00  c3 00 00 00 0b 00 00 00
90 00 00 00 01 00 00 00  2b 00 00 00 a6 00 00 00
cb 00 00 00 c5 00 00 00  00 00 00 00 f1 00 00 00
3f 00 00 00 3f 00 00 00  cb 00 00 00 78 00 00 00
c5 00 00 00 ff 00 00 00  7c 00 00 00 72 00 00 00
47 00 00 00 8d 00 00 00  9d 00 00 00 db 00 00 00
b1 00 00 00 ff 00 00 00  ff 00 00 00 eb 00 00 00
2a 00 00 00 8d 00 00 00  91 00 00 00 6f 00 00 00
ff 00 00 00 ff 00 00 00  ff 00 00 00 8d 00 00 00
1a 00 00 00 8d 00 00 00  18 00 00 00 c1 00 00 00
eb 00 00 00 38 00 00 00  8d 00 00 00 83 00 00 00
7e 00 00 00 ff 00 00 00  ff 00 00 00 ff 00 00 00
eb 00 00 00 55 00 00 00  7e 00 00 00 ca 00 00 00
5a 00 00 00 c9 00 00 00  02 00 00 00 7e 00 00 00
c8 00 00 00 58 00 00 00  2b 00 00 00 4b 00 00 00
3f 00 00 00 21 00 00 00  98 00 00 00 c3 00 00 00
20 00 00 00 49 00 00 00  79 00 00 00 30 00 00 00
be 00 00 00 41 00 00 00  86 00 00 00 ca 00 00 00
46 00 00 00 c8 00 00 00  43 00 00 00 2b 00 00 00
4d 00 00 00 be 00 00 00  3e 00 00 00 90 00 00 00
3f 00 00 00 53 00 00 00  03 00 00 00 46 00 00 00
93 00 00 00 0d 00 00 00  81 00 00 00 41 00 00 00
62 00 00 00 18 00 00 00  c6 00 00 00 6b 00 00 00
93 00 00 00 0d 00 00 00  88 00 00 00 0d 00 00 00
8b 00 00 00 03 00 00 00  63 00 00 00 89 00 00 00
05 00 00 00 4e 00 00 00  6b 00 00 00 88 00 00 00
c6 00 00 00 41 00 00 00  6a 00 00 00 d7 00 00 00
0d 00 00 00 82 00 00 00  05 00 00 00 59 00 00 00
c3 00 00 00 8f 00 00 00  b5 00 00 00 13 00 00 00
2b 00 00 00 50 00 00 00  cd 00 00 00 80 00 00 00
20 00 00 00 cd 00 00 00  b0 00 00 00 fc 00 00 00
cd 00 00 00 73 00 00 00  c5 00 00 00 02 00 00 00
b4 00 00 00 44 00 00 00  cd 00 00 00 48 00 00 00
69 00 00 00 02 00 00 00  cb 00 00 00 c5 00 00 00
00 00 00 00 f1 00 00 00  3f 00 00 00 3f 00 00 00
cb 00 00 00 80 00 00 00  44 00 00 00 c9 00 00 00
c5 00 00 00 d4 00 00 00  b1 00 00 00 ff 00 00 00
ff 00 00 00 eb 00 00 00  06 00 00 00 8d 00 00 00
08 00 00 00 eb 00 00 00  fc 00 00 00 09 00 00 00
f6 00 00 00 8b 00 00 00  85 00 00 00 c0 00 00 00
b1 00 00 00 ff 00 00 00  ff 00 00 00 8b 00 00 00
30 00 00 00 eb 00 00 00  1f 00 00 00 01 00 00 00
d6 00 00 00 39 00 00 00  ca 00 00 00 7c 00 00 00
19 00 00 00 8d 00 00 00  91 00 00 00 6a 00 00 00
ff 00 00 00 3f 00 00 00  3f 00 00 00 79 00 00 00
1a 00 00 00 2b 00 00 00  4f 00 00 00 cd 00 00 00
9e 00 00 00 00 00 00 00  7e 00 00 00 07 00 00 00
80 00 00 00 50 00 00 00  49 00 00 00 40 00 00 00
40 00 00 00 40 00 00 00  61 00 00 00 06 00 00 00
cd 00 00 00 71 00 00 00  cb 00 00 00 3e 00 00 00
c5 00 00 00 3f 00 00 00  4f 00 00 00 cc 00 00 00
cb 00 00 00 40 00 00 00  40 00 00 00 40 00 00 00
87 00 00 00 0d 00 00 00  1d 00 00 00 5b 00 00 00
31 00 00 00 7f 00 00 00  7f 00 00 00 6b 00 00 00
91 00 00 00 b9 00 00 00  59 00 00 00 fc 00 00 00
8d 00 00 00 05 00 00 00  40 00 00 00 fc 00 00 00
89 00 00 00 d3 00 00 00  d8 00 00 00 0d 00 00 00
9a 00 00 00 0d 00 00 00  f3 00 00 00 19 00 00 00
a1 00 00 00 71 00 00 00  b3 00 00 00 40 00 00 00
0a 00 00 00 83 00 00 00  eb 00 00 00 15 00 00 00
54 00 00 00 f1 00 00 00  3f 00 00 00 3f 00 00 00
8d 00 00 00 4f 00 00 00  ef 00 00 00 16 00 00 00
6b 00 00 00 02 00 00 00  c8 00 00 00 c5 00 00 00
1a 00 00 00 f1 00 00 00  3f 00 00 00 3f 00 00 00
2b 00 00 00 7c 00 00 00  7e 00 00 00 07 00 00 00
83 00 00 00 70 00 00 00  a9 00 00 00 40 00 00 00
40 00 00 00 40 00 00 00  2b 00 00 00 36 00 00 00
b4 00 00 00 34 00 00 00  c3 00 00 00 00 00 00 00
b8 00 00 00 c1 00 00 00  e0 00 00 00 05 00 00 00
09 00 00 00 d1 00 00 00  85 00 00 00 f3 00 00 00
74 00 00 00 24 00 00 00  83 00 00 00 e3 00 00 00
10 00 00 00 8d 00 00 00  53 00 00 00 c0 00 00 00
c1 00 00 00 eb 00 00 00  69 00 00 00 c1 00 00 00
ee 00 00 00 58 00 00 00  7c 00 00 00 da 00 00 00
3e 00 00 00 c7 00 00 00  46 00 00 00 04 00 00 00
71 00 00 00 00 00 00 00  00 00 00 00 00 00 00 00
c1 00 00 00 23 00 00 00  a5 00 00 00 cd 00 00 00
53 00 00 00 7e 00 00 00  07 00 00 00 81 00 00 00
44 00 00 00 50 00 00 00  40 00 00 00 40 00 00 00
40 00 00 00 80 00 00 00  ca 00 00 00 c5 00 00 00
1a 00 00 00 f1 00 00 00  3f 00 00 00 3f 00 00 00
c8 00 00 00 43 00 00 00  83 00 00 00 8f 00 00 00
b5 00 00 00 e0 00 00 00  2b 00 00 00 4f 00 00 00
01 00 00 00 22 00 00 00  c7 00 00 00 c9 00 00 00
33 00 00 00 b1 00 00 00  4e 00 00 00 03 00 00 00
63 00 00 00 d0 00 00 00  0d 00 00 00 80 00 00 00
0d 00 00 00 c1 00 00 00  3a 00 00 00 0b 00 00 00
dd 00 00 00 88 00 00 00  6b 00 00 00 85 00 00 00
0d 00 00 00 d0 00 00 00  6f 00 00 00 b9 00 00 00
59 00 00 00 0d 00 00 00  05 00 00 00 5b 00 00 00
31 00 00 00 7f 00 00 00  7f 00 00 00 6b 00 00 00
8b 00 00 00 0d 00 00 00  b2 00 00 00 01 00 00 00
71 00 00 00 c2 00 00 00  40 00 00 00 40 00 00 00
40 00 00 00 96 00 00 00  cd 00 00 00 4b 00 00 00
93 00 00 00 3f 00 00 00  10 00 00 00 cd 00 00 00
c5 00 00 00 1b 00 00 00  f1 00 00 00 3f 00 00 00
3f 00 00 00 2b 00 00 00  48 00 00 00 b4 00 00 00
3e 00 00 00 3f 00 00 00  12 00 00 00 69 00 00 00
31 00 00 00 b4 00 00 00  38 00 00 00 cb 00 00 00
95 00 00 00 48 00 00 00  92 00 00 00 3f 00 00 00
10 00 00 00 eb 00 00 00  0d 00 00 00 8d 00 00 00
89 00 00 00 77 00 00 00  ff 00 00 00 ff 00 00 00
ff 00 00 00 ff 00 00 00  e1 00 00 00 c1 00 00 00
e8 00 00 00 65 00 00 00  7c 00 00 00 f3 00 00 00
5f 00 00 00 5e 00 00 00  5b 00 00 00 8b 00 00 00
e5 00 00 00 5d 00 00 00  c2 00 00 00 04 00 00 00
00 00 00 00 90 00 00 00  2b 00 00 00 33 00 00 00
6a 00 00 00 83 00 00 00  0b 00 00 00 00 00 00 00
00 00 00 00 67 00 00 00  40 00 00 00 40 00 00 00
40 00 00 00 7b 00 00 00  40 00 00 00 40 00 00 00
40 00 00 00 c3 00 00 00  4b 00 00 00 40 00 00 00
40 00 00 00 40 00 00 00  40 00 00 00 40 00 00 00
40 00 00 00 46 00 00 00  7c 00 00 00 dd 00 00 00
72 00 00 00 b5 00 00 00  99 00 00 00 e3 00 00 00
f0 00 00 00 f0 00 00 00  44 00 00 00 47 00 00 00
48 00 00 00 dc 00 00 00  06 00 00 00 7e 00 00 00
23 00 00 00 b2 00 00 00  22 00 00 00 b3 00 00 00
31 00 00 00 31 00 00 00  31 00 00 00 87 00 00 00
be 00 00 00 3c 00 00 00  1c 00 00 00 39 00 00 00
a5 00 00 00 2f 00 00 00  30 00 00 00 03 00 00 00
5a 00 00 00 22 00 00 00  a5 00 00 00 29 00 00 00
40 00 00 00 62 00 00 00  ba 00 00 00 f3 00 00 00
40 00 00 00 62 00 00 00  5a 00 00 00 01 00 00 00
a8 00 00 00 2b 00 00 00  95 00 00 00 bc 00 00 00
4e 00 00 00 21 00 00 00  f1 00 00 00 f1 00 00 00
f1 00 00 00 7c 00 00 00  4c 00 00 00 fd 00 00 00
7c 00 00 00 4c 00 00 00  fd 00 00 00 7c 00 00 00
0c 00 00 00 7c 00 00 00  0c 00 00 00 7c 00 00 00
4c 00 00 00 09 00 00 00  7a 00 00 00 4e 00 00 00
ed 00 00 00 24 00 00 00  b1 00 00 00 7a 00 00 00
36 00 00 00 cd 00 00 00  b7 00 00 00 36 00 00 00
9e 00 00 00 38 00 00 00  b7 00 00 00 36 00 00 00
9f 00 00 00 01 00 00 00  77 00 00 00 f6 00 00 00
60 00 00 00 f2 00 00 00  3c 00 00 00 f6 00 00 00
ad 00 00 00 3a 00 00 00  36 00 00 00 65 00 00 00
ae 00 00 00 b0 00 00 00  b0 00 00 00 3c 00 00 00
0e 00 00 00 ad 00 00 00  9c 00 00 00 c6 00 00 00
26 00 00 00 af 00 00 00  3e 00 00 00 cf 00 00 00
2f 00 00 00 ab 00 00 00  32 00 00 00 9f 00 00 00
47 00 00 00 b1 00 00 00  b1 00 00 00 b1 00 00 00
b0 00 00 00 d3 00 00 00  6d 00 00 00 e1 00 00 00
7e 00 00 00 0a 00 00 00  7e 00 00 00 3f 00 00 00
ad 00 00 00 7c 00 00 00  36 00 00 00 ed 00 00 00
7c 00 00 00 31 00 00 00  2d 00 00 00 f4 00 00 00
36 00 00 00 ed 00 00 00  7c 00 00 00 41 00 00 00
69 00 00 00 7a 00 00 00  46 00 00 00 89 00 00 00
7c 00 00 00 41 00 00 00  6d 00 00 00 7a 00 00 00
46 00 00 00 8d 00 00 00  7c 00 00 00 36 00 00 00
ed 00 00 00 34 00 00 00  76 00 00 00 c9 00 00 00
bc 00 00 00 81 00 00 00  49 00 00 00 7b 00 00 00
b6 00 00 00 03 00 00 00  40 00 00 00 b3 00 00 00
df 00 00 00 31 00 00 00  31 00 00 00 31 00 00 00
73 00 00 00 ba 00 00 00  c6 00 00 00 e1 00 00 00
2e 00 00 00 30 00 00 00  30 00 00 00 64 00 00 00
03 00 00 00 bc 00 00 00  a1 00 00 00 51 00 00 00
34 00 00 00 a6 00 00 00  2d 00 00 00 bc 00 00 00
fb 00 00 00 b2 00 00 00  d2 00 00 00 f3 00 00 00
f4 00 00 00 e2 00 00 00  7c 00 00 00 3f 00 00 00
fd 00 00 00 f4 00 00 00  3e 00 00 00 ed 00 00 00
7b 00 00 00 fa 00 00 00  2b 00 00 00 3e 00 00 00
9e 00 00 00 66 00 00 00  6f 00 00 00 7c 00 00 00
3f 00 00 00 fd 00 00 00  f4 00 00 00 3e 00 00 00
ed 00 00 00 7b 00 00 00  3a 00 00 00 f4 00 00 00
2b 00 00 00 3e 00 00 00  9f 00 00 00 66 00 00 00
61 00 00 00 3c 00 00 00  ff 00 00 00 bd 00 00 00
b4 00 00 00 fe 00 00 00  ad 00 00 00 3b 00 00 00
fa 00 00 00 b8 00 00 00  eb 00 00 00 fe 00 00 00
60 00 00 00 26 00 00 00  13 00 00 00 3c 00 00 00
f9 00 00 00 d5 00 00 00  b4 00 00 00 3e 00 00 00
65 00 00 00 ae 00 00 00  b0 00 00 00 b0 00 00 00
3c 00 00 00 a3 00 00 00  b4 00 00 00 a7 00 00 00
b4 00 00 00 7f 00 00 00  17 00 00 00 3c 00 00 00
e2 00 00 00 57 00 00 00  74 00 00 00 b7 00 00 00
f4 00 00 00 dc 00 00 00  06 00 00 00 66 00 00 00
ef 00 00 00 7e 00 00 00  0f 00 00 00 6f 00 00 00
eb 00 00 00 72 00 00 00  df 00 00 00 87 00 00 00
f1 00 00 00 f1 00 00 00  f1 00 00 00 f0 00 00 00
d3 00 00 00 6d 00 00 00  e1 00 00 00 7e 00 00 00
0a 00 00 00 7e 00 00 00  3f 00 00 00 ad 00 00 00
7c 00 00 00 39 00 00 00  0d 00 00 00 f4 00 00 00
7e 00 00 00 e5 00 00 00  2e 00 00 00 30 00 00 00
30 00 00 00 40 00 00 00  e8 00 00 00 27 00 00 00
f2 00 00 00 17 00 00 00  33 00 00 00 34 00 00 00
ff 00 00 00 bc 00 00 00  22 00 00 00 1c 00 00 00
46 00 00 00 a6 00 00 00  2f 00 00 00 be 00 00 00
4f 00 00 00 af 00 00 00  2b 00 00 00 b2 00 00 00
1f 00 00 00 c7 00 00 00  31 00 00 00 31 00 00 00
31 00 00 00 30 00 00 00  13 00 00 00 ad 00 00 00
21 00 00 00 7e 00 00 00  0a 00 00 00 7e 00 00 00
3f 00 00 00 ad 00 00 00  7c 00 00 00 ff 00 00 00
f4 00 00 00 7e 00 00 00  a5 00 00 00 ee 00 00 00
f0 00 00 00 f0 00 00 00  7a 00 00 00 3e 00 00 00
cd 00 00 00 33 00 00 00  f0 00 00 00 7e 00 00 00
a1 00 00 00 ee 00 00 00  f0 00 00 00 f0 00 00 00
00 00 00 00 76 00 00 00  4c 00 00 00 f0 00 00 00
f0 00 00 00 f0 00 00 00  b7 00 00 00 76 00 00 00
e6 00 00 00 ad 00 00 00  b0 00 00 00 b0 00 00 00
fd 00 00 00 77 00 00 00  36 00 00 00 a7 00 00 00
ad 00 00 00 b0 00 00 00  b0 00 00 00 20 00 00 00
77 00 00 00 36 00 00 00  a8 00 00 00 ad 00 00 00
b0 00 00 00 b0 00 00 00  12 00 00 00 77 00 00 00
36 00 00 00 a9 00 00 00  ad 00 00 00 b0 00 00 00
b0 00 00 00 15 00 00 00  77 00 00 00 36 00 00 00
aa 00 00 00 ad 00 00 00  b0 00 00 00 b0 00 00 00
fd 00 00 00 b7 00 00 00  76 00 00 00 eb 00 00 00
ed 00 00 00 f0 00 00 00  f0 00 00 00 5a 00 00 00
b7 00 00 00 76 00 00 00  ec 00 00 00 ed 00 00 00
f0 00 00 00 f0 00 00 00  53 00 00 00 b7 00 00 00
76 00 00 00 ed 00 00 00  ed 00 00 00 f0 00 00 00
f0 00 00 00 63 00 00 00  b7 00 00 00 76 00 00 00
ee 00 00 00 ed 00 00 00  f0 00 00 00 f0 00 00 00
52 00 00 00 b7 00 00 00  76 00 00 00 ef 00 00 00
ed 00 00 00 30 00 00 00  30 00 00 00 a3 00 00 00
f7 00 00 00 b6 00 00 00  30 00 00 00 2d 00 00 00
30 00 00 00 30 00 00 00  aa 00 00 00 f7 00 00 00
b6 00 00 00 31 00 00 00  2e 00 00 00 30 00 00 00
30 00 00 00 72 00 00 00  f7 00 00 00 b6 00 00 00
32 00 00 00 2e 00 00 00  30 00 00 00 30 00 00 00
31 00 00 00 be 00 00 00  b6 00 00 00 26 00 00 00
2d 00 00 00 30 00 00 00  30 00 00 00 81 00 00 00
84 00 00 00 f0 00 00 00  46 00 00 00 cd 00 00 00
7a 00 00 00 b7 00 00 00  b7 00 00 00 76 00 00 00
0e 00 00 00 e5 00 00 00  f0 00 00 00 f0 00 00 00
66 00 00 00 b7 00 00 00  76 00 00 00 0f 00 00 00
e5 00 00 00 f0 00 00 00  f0 00 00 00 64 00 00 00
b7 00 00 00 76 00 00 00  10 00 00 00 e5 00 00 00
f0 00 00 00 f0 00 00 00  56 00 00 00 b7 00 00 00
76 00 00 00 11 00 00 00  e5 00 00 00 f0 00 00 00
f0 00 00 00 23 00 00 00  77 00 00 00 36 00 00 00
d2 00 00 00 a5 00 00 00  b0 00 00 00 b0 00 00 00
e4 00 00 00 77 00 00 00  36 00 00 00 d3 00 00 00
a5 00 00 00 b0 00 00 00  b0 00 00 00 e3 00 00 00
77 00 00 00 36 00 00 00  d4 00 00 00 a5 00 00 00
b0 00 00 00 b0 00 00 00  df 00 00 00 77 00 00 00
36 00 00 00 d5 00 00 00  a5 00 00 00 b0 00 00 00
b0 00 00 00 15 00 00 00  77 00 00 00 36 00 00 00
d6 00 00 00 e5 00 00 00  f0 00 00 00 f0 00 00 00
5d 00 00 00 b7 00 00 00  76 00 00 00 17 00 00 00
e5 00 00 00 f0 00 00 00  f0 00 00 00 5d 00 00 00
b7 00 00 00 76 00 00 00  18 00 00 00 e5 00 00 00
f0 00 00 00 f0 00 00 00  f1 00 00 00 7e 00 00 00
76 00 00 00 0e 00 00 00  e5 00 00 00 f0 00 00 00
f0 00 00 00 41 00 00 00  f0 00 00 00 c7 00 00 00
7a 00 00 00 76 00 00 00  61 00 00 00 ef 00 00 00
f0 00 00 00 30 00 00 00  f7 00 00 00 b6 00 00 00
6c 00 00 00 2f 00 00 00  30 00 00 00 30 00 00 00
7a 00 00 00 f7 00 00 00  b6 00 00 00 6d 00 00 00
2f 00 00 00 30 00 00 00  30 00 00 00 a4 00 00 00
f7 00 00 00 b6 00 00 00  6e 00 00 00 2f 00 00 00
30 00 00 00 30 00 00 00  88 00 00 00 f7 00 00 00
b6 00 00 00 6f 00 00 00  2f 00 00 00 30 00 00 00
30 00 00 00 9a 00 00 00  f7 00 00 00 b6 00 00 00
70 00 00 00 ef 00 00 00  f0 00 00 00 f0 00 00 00
5f 00 00 00 b7 00 00 00  76 00 00 00 31 00 00 00
ef 00 00 00 f0 00 00 00  f0 00 00 00 55 00 00 00
b7 00 00 00 76 00 00 00  32 00 00 00 ef 00 00 00
f0 00 00 00 f0 00 00 00  60 00 00 00 b7 00 00 00
76 00 00 00 33 00 00 00  ef 00 00 00 f0 00 00 00
f0 00 00 00 68 00 00 00  b7 00 00 00 76 00 00 00
34 00 00 00 ef 00 00 00  f0 00 00 00 f0 00 00 00
f1 00 00 00 3e 00 00 00  36 00 00 00 ec 00 00 00
af 00 00 00 b0 00 00 00  b0 00 00 00 01 00 00 00
3c 00 00 00 36 00 00 00  21 00 00 00 af 00 00 00
b0 00 00 00 b0 00 00 00  01 00 00 00 b0 00 00 00
06 00 00 00 8d 00 00 00  3a 00 00 00 f6 00 00 00
a9 00 00 00 1b 00 00 00  b1 00 00 00 b0 00 00 00
06 00 00 00 a9 00 00 00  c0 00 00 00 67 00 00 00
f5 00 00 00 d5 00 00 00  a4 00 00 00 ed 00 00 00
b0 00 00 00 65 00 00 00  07 00 00 00 7e 00 00 00
fa 00 00 00 2f 00 00 00  b8 00 00 00 34 00 00 00
31 00 00 00 89 00 00 00  f1 00 00 00 f1 00 00 00
f1 00 00 00 7e 00 00 00  f3 00 00 00 f0 00 00 00
46 00 00 00 e5 00 00 00  2a 00 00 00 b4 00 00 00
6f 00 00 00 f4 00 00 00  7e 00 00 00 4c 00 00 00
8c 00 00 00 b7 00 00 00  76 00 00 00 48 00 00 00
ee 00 00 00 f0 00 00 00  f0 00 00 00 3d 00 00 00
b7 00 00 00 b6 00 00 00  89 00 00 00 2e 00 00 00
30 00 00 00 30 00 00 00  a0 00 00 00 f7 00 00 00
b6 00 00 00 8a 00 00 00  2e 00 00 00 30 00 00 00
30 00 00 00 94 00 00 00  f7 00 00 00 b6 00 00 00
8b 00 00 00 2e 00 00 00  30 00 00 00 30 00 00 00
9c 00 00 00 f7 00 00 00  b6 00 00 00 8c 00 00 00
2e 00 00 00 30 00 00 00  30 00 00 00 83 00 00 00
f7 00 00 00 b6 00 00 00  8d 00 00 00 2e 00 00 00
30 00 00 00 f0 00 00 00  56 00 00 00 b7 00 00 00
76 00 00 00 4e 00 00 00  ee 00 00 00 f0 00 00 00
f0 00 00 00 64 00 00 00  b7 00 00 00 76 00 00 00
4f 00 00 00 ee 00 00 00  f0 00 00 00 f0 00 00 00
60 00 00 00 b7 00 00 00  76 00 00 00 50 00 00 00
ee 00 00 00 f0 00 00 00  f0 00 00 00 66 00 00 00
b7 00 00 00 76 00 00 00  51 00 00 00 ee 00 00 00
f0 00 00 00 f0 00 00 00  63 00 00 00 b7 00 00 00
76 00 00 00 12 00 00 00  ae 00 00 00 b0 00 00 00
b0 00 00 00 14 00 00 00  77 00 00 00 36 00 00 00
13 00 00 00 ae 00 00 00  b0 00 00 00 b0 00 00 00
16 00 00 00 77 00 00 00  36 00 00 00 14 00 00 00
ae 00 00 00 b0 00 00 00  b0 00 00 00 b1 00 00 00
3e 00 00 00 36 00 00 00  08 00 00 00 ae 00 00 00
b0 00 00 00 b0 00 00 00  01 00 00 00 04 00 00 00
b0 00 00 00 06 00 00 00  8d 00 00 00 3a 00 00 00
f6 00 00 00 c1 00 00 00  b7 00 00 00 76 00 00 00
62 00 00 00 ee 00 00 00  f0 00 00 00 f0 00 00 00
44 00 00 00 b7 00 00 00  76 00 00 00 63 00 00 00
ee 00 00 00 f0 00 00 00  f0 00 00 00 5a 00 00 00
b7 00 00 00 76 00 00 00  64 00 00 00 ee 00 00 00
f0 00 00 00 f0 00 00 00  6b 00 00 00 b7 00 00 00
76 00 00 00 65 00 00 00  ee 00 00 00 f0 00 00 00
f0 00 00 00 56 00 00 00  b7 00 00 00 76 00 00 00
66 00 00 00 2e 00 00 00  30 00 00 00 30 00 00 00
a0 00 00 00 f7 00 00 00  b6 00 00 00 a7 00 00 00
2e 00 00 00 30 00 00 00  30 00 00 00 97 00 00 00
f7 00 00 00 b6 00 00 00  a8 00 00 00 2e 00 00 00
30 00 00 00 30 00 00 00  83 00 00 00 f7 00 00 00
b6 00 00 00 a9 00 00 00  2e 00 00 00 30 00 00 00
30 00 00 00 96 00 00 00  f7 00 00 00 b6 00 00 00
aa 00 00 00 2e 00 00 00  30 00 00 00 30 00 00 00
a4 00 00 00 b7 00 00 00  76 00 00 00 6b 00 00 00
ee 00 00 00 f0 00 00 00  f0 00 00 00 60 00 00 00
b7 00 00 00 76 00 00 00  6c 00 00 00 ee 00 00 00
f0 00 00 00 f0 00 00 00  66 00 00 00 b7 00 00 00
76 00 00 00 6d 00 00 00  ee 00 00 00 f0 00 00 00
f0 00 00 00 63 00 00 00  b7 00 00 00 76 00 00 00
6e 00 00 00 ee 00 00 00  f0 00 00 00 f0 00 00 00
54 00 00 00 b7 00 00 00  76 00 00 00 6f 00 00 00
ee 00 00 00 b0 00 00 00  b0 00 00 00 16 00 00 00
77 00 00 00 36 00 00 00  30 00 00 00 ae 00 00 00
b0 00 00 00 b0 00 00 00  b1 00 00 00 3e 00 00 00
36 00 00 00 22 00 00 00  ae 00 00 00 b0 00 00 00
b0 00 00 00 01 00 00 00  04 00 00 00 b0 00 00 00
06 00 00 00 8d 00 00 00  3a 00 00 00 f6 00 00 00
89 00 00 00 77 00 00 00  36 00 00 00 15 00 00 00
ae 00 00 00 b0 00 00 00  b0 00 00 00 fd 00 00 00
77 00 00 00 76 00 00 00  56 00 00 00 ee 00 00 00
f0 00 00 00 f0 00 00 00  60 00 00 00 b7 00 00 00
76 00 00 00 57 00 00 00  ee 00 00 00 f0 00 00 00
f0 00 00 00 52 00 00 00  b7 00 00 00 76 00 00 00
58 00 00 00 ee 00 00 00  f0 00 00 00 f0 00 00 00
55 00 00 00 b7 00 00 00  76 00 00 00 59 00 00 00
ee 00 00 00 f0 00 00 00  f0 00 00 00 43 00 00 00
b7 00 00 00 76 00 00 00  5a 00 00 00 ee 00 00 00
f0 00 00 00 30 00 00 00  96 00 00 00 f7 00 00 00
b6 00 00 00 9b 00 00 00  2e 00 00 00 30 00 00 00
30 00 00 00 a4 00 00 00  f7 00 00 00 b6 00 00 00
9c 00 00 00 2e 00 00 00  30 00 00 00 30 00 00 00
a0 00 00 00 f7 00 00 00  b6 00 00 00 9d 00 00 00
2e 00 00 00 30 00 00 00  30 00 00 00 a6 00 00 00
f7 00 00 00 b6 00 00 00  9e 00 00 00 2e 00 00 00
30 00 00 00 30 00 00 00  a3 00 00 00 f7 00 00 00
b6 00 00 00 5f 00 00 00  ee 00 00 00 f0 00 00 00
f0 00 00 00 54 00 00 00  b7 00 00 00 76 00 00 00
60 00 00 00 ee 00 00 00  f0 00 00 00 f0 00 00 00
56 00 00 00 b7 00 00 00  76 00 00 00 61 00 00 00
ee 00 00 00 f0 00 00 00  f0 00 00 00 f1 00 00 00
7e 00 00 00 76 00 00 00  55 00 00 00 ee 00 00 00
f0 00 00 00 f0 00 00 00  41 00 00 00 44 00 00 00
f0 00 00 00 46 00 00 00  cd 00 00 00 7a 00 00 00
36 00 00 00 85 00 00 00  77 00 00 00 36 00 00 00
3f 00 00 00 ae 00 00 00  b0 00 00 00 b0 00 00 00
f8 00 00 00 77 00 00 00  36 00 00 00 40 00 00 00
ae 00 00 00 b0 00 00 00  b0 00 00 00 16 00 00 00
77 00 00 00 36 00 00 00  41 00 00 00 ae 00 00 00
b0 00 00 00 b0 00 00 00  25 00 00 00 77 00 00 00
36 00 00 00 42 00 00 00  ae 00 00 00 b0 00 00 00
b0 00 00 00 fe 00 00 00  77 00 00 00 36 00 00 00
43 00 00 00 ee 00 00 00  f0 00 00 00 f0 00 00 00
60 00 00 00 b7 00 00 00  76 00 00 00 84 00 00 00
ee 00 00 00 f0 00 00 00  f0 00 00 00 55 00 00 00
b7 00 00 00 76 00 00 00  85 00 00 00 ee 00 00 00
f0 00 00 00 f0 00 00 00  66 00 00 00 b7 00 00 00
76 00 00 00 86 00 00 00  ee 00 00 00 f0 00 00 00
f0 00 00 00 5d 00 00 00  b7 00 00 00 76 00 00 00
87 00 00 00 ee 00 00 00  f0 00 00 00 f0 00 00 00
56 00 00 00 f7 00 00 00  b6 00 00 00 c8 00 00 00
2e 00 00 00 30 00 00 00  30 00 00 00 79 00 00 00
f7 00 00 00 b6 00 00 00  c9 00 00 00 2e 00 00 00
30 00 00 00 30 00 00 00  92 00 00 00 f7 00 00 00
b6 00 00 00 ca 00 00 00  2e 00 00 00 30 00 00 00
30 00 00 00 9f 00 00 00  f7 00 00 00 b6 00 00 00
cb 00 00 00 2e 00 00 00  30 00 00 00 30 00 00 00
95 00 00 00 f7 00 00 00  b6 00 00 00 cc 00 00 00
2e 00 00 00 f0 00 00 00  f0 00 00 00 5d 00 00 00
b7 00 00 00 76 00 00 00  8d 00 00 00 ee 00 00 00
f0 00 00 00 f0 00 00 00  56 00 00 00 b7 00 00 00
76 00 00 00 8e 00 00 00  ee 00 00 00 f0 00 00 00
f0 00 00 00 32 00 00 00  b7 00 00 00 76 00 00 00
8f 00 00 00 ee 00 00 00  f0 00 00 00 f0 00 00 00
f1 00 00 00 7e 00 00 00  76 00 00 00 7f 00 00 00
ee 00 00 00 f0 00 00 00  f0 00 00 00 41 00 00 00
44 00 00 00 b0 00 00 00  06 00 00 00 8d 00 00 00
3a 00 00 00 77 00 00 00  77 00 00 00 36 00 00 00
31 00 00 00 ae 00 00 00  b0 00 00 00 b0 00 00 00
f7 00 00 00 77 00 00 00  36 00 00 00 32 00 00 00
ae 00 00 00 b0 00 00 00  b0 00 00 00 1a 00 00 00
77 00 00 00 36 00 00 00  33 00 00 00 ae 00 00 00
b0 00 00 00 b0 00 00 00  1f 00 00 00 77 00 00 00
36 00 00 00 34 00 00 00  ae 00 00 00 b0 00 00 00
b0 00 00 00 55 00 00 00  b7 00 00 00 76 00 00 00
75 00 00 00 ee 00 00 00  f0 00 00 00 f0 00 00 00
43 00 00 00 b7 00 00 00  76 00 00 00 76 00 00 00
ee 00 00 00 f0 00 00 00  f0 00 00 00 56 00 00 00
b7 00 00 00 76 00 00 00  77 00 00 00 ee 00 00 00
f0 00 00 00 f0 00 00 00  64 00 00 00 b7 00 00 00
76 00 00 00 78 00 00 00  ee 00 00 00 f0 00 00 00
f0 00 00 00 60 00 00 00  b7 00 00 00 76 00 00 00
79 00 00 00 2e 00 00 00  30 00 00 00 30 00 00 00
a6 00 00 00 f7 00 00 00  b6 00 00 00 ba 00 00 00
2e 00 00 00 30 00 00 00  30 00 00 00 a3 00 00 00
f7 00 00 00 b6 00 00 00  bb 00 00 00 2e 00 00 00
30 00 00 00 30 00 00 00  94 00 00 00 f7 00 00 00
b6 00 00 00 bc 00 00 00  2e 00 00 00 30 00 00 00
30 00 00 00 96 00 00 00  f7 00 00 00 b6 00 00 00
bd 00 00 00 2e 00 00 00  30 00 00 00 30 00 00 00
72 00 00 00 b7 00 00 00  76 00 00 00 7e 00 00 00
ee 00 00 00 f0 00 00 00  f0 00 00 00 f1 00 00 00
7e 00 00 00 76 00 00 00  71 00 00 00 ee 00 00 00
f0 00 00 00 f0 00 00 00  41 00 00 00 44 00 00 00
f0 00 00 00 46 00 00 00  cd 00 00 00 7a 00 00 00
b8 00 00 00 b7 00 00 00  76 00 00 00 1a 00 00 00
ee 00 00 00 f0 00 00 00  f0 00 00 00 47 00 00 00
b7 00 00 00 76 00 00 00  1b 00 00 00 ee 00 00 00
f0 00 00 00 b0 00 00 00  1a 00 00 00 77 00 00 00
36 00 00 00 dc 00 00 00  ae 00 00 00 b0 00 00 00
b0 00 00 00 23 00 00 00  77 00 00 00 36 00 00 00
dd 00 00 00 ae 00 00 00  b0 00 00 00 b0 00 00 00
25 00 00 00 77 00 00 00  36 00 00 00 de 00 00 00
ae 00 00 00 b0 00 00 00  b0 00 00 00 26 00 00 00
77 00 00 00 36 00 00 00  df 00 00 00 ae 00 00 00
b0 00 00 00 b0 00 00 00  12 00 00 00 77 00 00 00
36 00 00 00 20 00 00 00  ee 00 00 00 f0 00 00 00
f0 00 00 00 5d 00 00 00  b7 00 00 00 76 00 00 00
21 00 00 00 ee 00 00 00  f0 00 00 00 f0 00 00 00
32 00 00 00 b7 00 00 00  76 00 00 00 22 00 00 00
ee 00 00 00 f0 00 00 00  f0 00 00 00 5d 00 00 00
b7 00 00 00 76 00 00 00  23 00 00 00 ee 00 00 00
f0 00 00 00 f0 00 00 00  5d 00 00 00 b7 00 00 00
76 00 00 00 24 00 00 00  ee 00 00 00 f0 00 00 00
f0 00 00 00 a0 00 00 00  f7 00 00 00 b6 00 00 00
65 00 00 00 2e 00 00 00  30 00 00 00 30 00 00 00
94 00 00 00 f7 00 00 00  b6 00 00 00 66 00 00 00
2e 00 00 00 30 00 00 00  30 00 00 00 31 00 00 00
be 00 00 00 b6 00 00 00  5a 00 00 00 2e 00 00 00
30 00 00 00 30 00 00 00  81 00 00 00 84 00 00 00
30 00 00 00 86 00 00 00  0d 00 00 00 ba 00 00 00
76 00 00 00 fd 00 00 00  f7 00 00 00 b6 00 00 00
dc 00 00 00 e3 00 00 00  f0 00 00 00 f0 00 00 00
47 00 00 00 b7 00 00 00  76 00 00 00 9d 00 00 00
e3 00 00 00 f0 00 00 00  f0 00 00 00 5a 00 00 00
b7 00 00 00 76 00 00 00  9e 00 00 00 e3 00 00 00
f0 00 00 00 f0 00 00 00  63 00 00 00 b7 00 00 00
76 00 00 00 9f 00 00 00  e3 00 00 00 f0 00 00 00
f0 00 00 00 65 00 00 00  b7 00 00 00 76 00 00 00
a0 00 00 00 e3 00 00 00  f0 00 00 00 f0 00 00 00
66 00 00 00 77 00 00 00  36 00 00 00 61 00 00 00
a3 00 00 00 b0 00 00 00  b0 00 00 00 12 00 00 00
77 00 00 00 36 00 00 00  62 00 00 00 a3 00 00 00
b0 00 00 00 b0 00 00 00  1d 00 00 00 77 00 00 00
36 00 00 00 63 00 00 00  a3 00 00 00 b0 00 00 00
b0 00 00 00 f7 00 00 00  77 00 00 00 36 00 00 00
64 00 00 00 a3 00 00 00  b0 00 00 00 b0 00 00 00
23 00 00 00 77 00 00 00  36 00 00 00 65 00 00 00
a3 00 00 00 f0 00 00 00  f0 00 00 00 56 00 00 00
b7 00 00 00 76 00 00 00  a6 00 00 00 e3 00 00 00
f0 00 00 00 f0 00 00 00  56 00 00 00 b7 00 00 00
76 00 00 00 a7 00 00 00  e3 00 00 00 f0 00 00 00
f0 00 00 00 f1 00 00 00  7e 00 00 00 76 00 00 00
9c 00 00 00 e3 00 00 00  f0 00 00 00 f0 00 00 00
41 00 00 00 44 00 00 00  f0 00 00 00 46 00 00 00
cd 00 00 00 7a 00 00 00  76 00 00 00 ad 00 00 00
ee 00 00 00 30 00 00 00  30 00 00 00 9b 00 00 00
31 00 00 00 30 00 00 00  07 00 00 00 ba 00 00 00
b6 00 00 00 a5 00 00 00  2f 00 00 00 30 00 00 00
30 00 00 00 ef 00 00 00  33 00 00 00 31 00 00 00
31 00 00 00 31 00 00 00  9b 00 00 00 48 00 00 00
87 00 00 00 bc 00 00 00  b6 00 00 00 a5 00 00 00
2f 00 00 00 30 00 00 00  30 00 00 00 81 00 00 00
30 00 00 00 08 00 00 00  bc 00 00 00 09 00 00 00
84 00 00 00 7c 00 00 00  76 00 00 00 65 00 00 00
ef 00 00 00 f0 00 00 00  f0 00 00 00 41 00 00 00
f0 00 00 00 46 00 00 00  c9 00 00 00 7a 00 00 00
36 00 00 00 99 00 00 00  44 00 00 00 7c 00 00 00
76 00 00 00 65 00 00 00  ef 00 00 00 f0 00 00 00
f0 00 00 00 41 00 00 00  f0 00 00 00 46 00 00 00
c5 00 00 00 7c 00 00 00  c9 00 00 00 44 00 00 00
f0 00 00 00 46 00 00 00  c1 00 00 00 7a 00 00 00
36 00 00 00 a1 00 00 00  f7 00 00 00 34 00 00 00
2e 00 00 00 59 00 00 00  15 00 00 00 27 00 00 00
7a 00 00 00 1b 00 00 00  f1 00 00 00 19 00 00 00
b1 00 00 00 c1 00 00 00  b1 00 00 00 b1 00 00 00
3c 00 00 00 f6 00 00 00  59 00 00 00 01 00 00 00
1b 00 00 00 b1 00 00 00  b0 00 00 00 06 00 00 00
7d 00 00 00 3a 00 00 00  f6 00 00 00 9d 00 00 00
3c 00 00 00 f6 00 00 00  a1 00 00 00 3a 00 00 00
f6 00 00 00 dd 00 00 00  d9 00 00 00 f1 00 00 00
f1 00 00 00 f1 00 00 00  f1 00 00 00 49 00 00 00
7a 00 00 00 36 00 00 00  d9 00 00 00 b7 00 00 00
76 00 00 00 70 00 00 00  f0 00 00 00 f0 00 00 00
f0 00 00 00 33 00 00 00  b7 00 00 00 36 00 00 00
71 00 00 00 12 00 00 00  b7 00 00 00 36 00 00 00
72 00 00 00 24 00 00 00  24 00 00 00 b1 00 00 00
31 00 00 00 7c 00 00 00  46 00 00 00 d9 00 00 00
f4 00 00 00 01 00 00 00  7b 00 00 00 bb 00 00 00
43 00 00 00 6b 00 00 00  c6 00 00 00 b0 00 00 00
30 00 00 00 30 00 00 00  30 00 00 00 a6 00 00 00
20 00 00 00 bc 00 00 00  86 00 00 00 19 00 00 00
34 00 00 00 01 00 00 00  bb 00 00 00 43 00 00 00
6b 00 00 00 86 00 00 00  b1 00 00 00 a6 00 00 00
14 00 00 00 bc 00 00 00  86 00 00 00 19 00 00 00
34 00 00 00 01 00 00 00  73 00 00 00 bb 00 00 00
43 00 00 00 2b 00 00 00  46 00 00 00 72 00 00 00
66 00 00 00 c7 00 00 00  f4 00 00 00 36 00 00 00
d9 00 00 00 74 00 00 00  b1 00 00 00 f3 00 00 00
7a 00 00 00 76 00 00 00  65 00 00 00 f0 00 00 00
f0 00 00 00 f0 00 00 00  5b 00 00 00 31 00 00 00
59 00 00 00 f1 00 00 00  01 00 00 00 f1 00 00 00
f1 00 00 00 7c 00 00 00  36 00 00 00 99 00 00 00
41 00 00 00 5b 00 00 00  f1 00 00 00 f0 00 00 00
46 00 00 00 7d 00 00 00  3a 00 00 00 f6 00 00 00
91 00 00 00 3c 00 00 00  36 00 00 00 25 00 00 00
b0 00 00 00 b0 00 00 00  b0 00 00 00 3c 00 00 00
f1 00 00 00 c9 00 00 00  3a 00 00 00 f6 00 00 00
95 00 00 00 3c 00 00 00  f6 00 00 00 a1 00 00 00
b4 00 00 00 f6 00 00 00  95 00 00 00 3a 00 00 00
f6 00 00 00 91 00 00 00  19 00 00 00 b1 00 00 00
31 00 00 00 b1 00 00 00  b1 00 00 00 3c 00 00 00
f6 00 00 00 99 00 00 00  41 00 00 00 7c 00 00 00
36 00 00 00 dd 00 00 00  41 00 00 00 f0 00 00 00
86 00 00 00 ad 00 00 00  ee 00 00 00 f0 00 00 00
f0 00 00 00 5b 00 00 00  31 00 00 00 59 00 00 00
f1 00 00 00 01 00 00 00  f1 00 00 00 f1 00 00 00
7c 00 00 00 36 00 00 00  99 00 00 00 41 00 00 00
5b 00 00 00 f1 00 00 00  f0 00 00 00 46 00 00 00
bd 00 00 00 7a 00 00 00  36 00 00 00 dd 00 00 00
24 00 00 00 03 00 00 00  bc 00 00 00 76 00 00 00
d9 00 00 00 b6 00 00 00  f1 00 00 00 ad 00 00 00
59 00 00 00 71 00 00 00  ba 00 00 00 b6 00 00 00
e1 00 00 00 2e 00 00 00  30 00 00 00 30 00 00 00
64 00 00 00 f1 00 00 00  bc 00 00 00 7e 00 00 00
11 00 00 00 b1 00 00 00  6d 00 00 00 32 00 00 00
31 00 00 00 a5 00 00 00  3e 00 00 00 bc 00 00 00
7e 00 00 00 1d 00 00 00  bc 00 00 00 8e 00 00 00
11 00 00 00 7b 00 00 00  0d 00 00 00 f4 00 00 00
79 00 00 00 0d 00 00 00  02 00 00 00 33 00 00 00
31 00 00 00 f0 00 00 00  7e 00 00 00 a1 00 00 00
ee 00 00 00 f0 00 00 00  f0 00 00 00 66 00 00 00
d2 00 00 00 5b 00 00 00  31 00 00 00 59 00 00 00
f1 00 00 00 01 00 00 00  f1 00 00 00 f1 00 00 00
7c 00 00 00 36 00 00 00  99 00 00 00 41 00 00 00
5b 00 00 00 f1 00 00 00  f0 00 00 00 46 00 00 00
bd 00 00 00 3c 00 00 00  0e 00 00 00 9d 00 00 00
19 00 00 00 b1 00 00 00  31 00 00 00 b1 00 00 00
b1 00 00 00 3c 00 00 00  f6 00 00 00 59 00 00 00
01 00 00 00 3c 00 00 00  f6 00 00 00 91 00 00 00
01 00 00 00 b0 00 00 00  46 00 00 00 6d 00 00 00
ae 00 00 00 b0 00 00 00  b0 00 00 00 77 00 00 00
36 00 00 00 74 00 00 00  a4 00 00 00 b0 00 00 00
b0 00 00 00 a0 00 00 00  77 00 00 00 36 00 00 00
75 00 00 00 e4 00 00 00  f0 00 00 00 f0 00 00 00
eb 00 00 00 b7 00 00 00  76 00 00 00 b6 00 00 00
e4 00 00 00 f0 00 00 00  f0 00 00 00 a9 00 00 00
b7 00 00 00 76 00 00 00  b7 00 00 00 e4 00 00 00
f0 00 00 00 f0 00 00 00  3a 00 00 00 b7 00 00 00
76 00 00 00 b8 00 00 00  e4 00 00 00 f0 00 00 00
f0 00 00 00 3f 00 00 00  b7 00 00 00 76 00 00 00
b9 00 00 00 e4 00 00 00  f0 00 00 00 f0 00 00 00
68 00 00 00 f7 00 00 00  b6 00 00 00 fa 00 00 00
24 00 00 00 30 00 00 00  30 00 00 00 f8 00 00 00
f7 00 00 00 b6 00 00 00  fb 00 00 00 24 00 00 00
30 00 00 00 30 00 00 00  80 00 00 00 f7 00 00 00
b6 00 00 00 fc 00 00 00  24 00 00 00 30 00 00 00
30 00 00 00 14 00 00 00  f7 00 00 00 b6 00 00 00
fd 00 00 00 24 00 00 00  30 00 00 00 30 00 00 00
1d 00 00 00 f7 00 00 00  b6 00 00 00 fe 00 00 00
24 00 00 00 f0 00 00 00  f0 00 00 00 39 00 00 00
b7 00 00 00 76 00 00 00  bf 00 00 00 e4 00 00 00
f0 00 00 00 f0 00 00 00  36 00 00 00 b7 00 00 00
76 00 00 00 c0 00 00 00  e4 00 00 00 f0 00 00 00
f0 00 00 00 d5 00 00 00  b7 00 00 00 76 00 00 00
c1 00 00 00 e4 00 00 00  f0 00 00 00 f0 00 00 00
45 00 00 00 b7 00 00 00  76 00 00 00 c2 00 00 00
e4 00 00 00 f0 00 00 00  f0 00 00 00 c9 00 00 00
b7 00 00 00 36 00 00 00  83 00 00 00 a4 00 00 00
b0 00 00 00 b0 00 00 00  21 00 00 00 77 00 00 00
36 00 00 00 84 00 00 00  a4 00 00 00 b0 00 00 00
b0 00 00 00 9f 00 00 00  77 00 00 00 36 00 00 00
85 00 00 00 a4 00 00 00  b0 00 00 00 b0 00 00 00
a3 00 00 00 77 00 00 00  36 00 00 00 86 00 00 00
a4 00 00 00 b0 00 00 00  b0 00 00 00 ac 00 00 00
77 00 00 00 36 00 00 00  87 00 00 00 a4 00 00 00
b0 00 00 00 f0 00 00 00  42 00 00 00 b7 00 00 00
76 00 00 00 c8 00 00 00  e4 00 00 00 f0 00 00 00
f0 00 00 00 de 00 00 00  b7 00 00 00 76 00 00 00
c9 00 00 00 e4 00 00 00  f0 00 00 00 f0 00 00 00
d6 00 00 00 b7 00 00 00  76 00 00 00 ca 00 00 00
e4 00 00 00 f0 00 00 00  f0 00 00 00 db 00 00 00
b7 00 00 00 76 00 00 00  cb 00 00 00 e4 00 00 00
f0 00 00 00 f0 00 00 00  d3 00 00 00 b7 00 00 00
76 00 00 00 0c 00 00 00  24 00 00 00 30 00 00 00
30 00 00 00 a6 00 00 00  f7 00 00 00 b6 00 00 00
0d 00 00 00 24 00 00 00  30 00 00 00 30 00 00 00
7d 00 00 00 f7 00 00 00  b6 00 00 00 0e 00 00 00
24 00 00 00 30 00 00 00  30 00 00 00 ab 00 00 00
f7 00 00 00 b6 00 00 00  0f 00 00 00 24 00 00 00
30 00 00 00 30 00 00 00  73 00 00 00 f7 00 00 00
b6 00 00 00 10 00 00 00  24 00 00 00 30 00 00 00
30 00 00 00 32 00 00 00  b7 00 00 00 76 00 00 00
d1 00 00 00 e4 00 00 00  f0 00 00 00 f0 00 00 00
47 00 00 00 b7 00 00 00  76 00 00 00 d2 00 00 00
e4 00 00 00 f0 00 00 00  f0 00 00 00 c5 00 00 00
b7 00 00 00 76 00 00 00  d3 00 00 00 e4 00 00 00
f0 00 00 00 f0 00 00 00  ce 00 00 00 b7 00 00 00
76 00 00 00 d4 00 00 00  e4 00 00 00 f0 00 00 00
f0 00 00 00 62 00 00 00  b7 00 00 00 76 00 00 00
d5 00 00 00 a4 00 00 00  b0 00 00 00 b0 00 00 00
23 00 00 00 77 00 00 00  36 00 00 00 96 00 00 00
a4 00 00 00 b0 00 00 00  b0 00 00 00 1f 00 00 00
77 00 00 00 36 00 00 00  97 00 00 00 a4 00 00 00
b0 00 00 00 b0 00 00 00  71 00 00 00 77 00 00 00
36 00 00 00 98 00 00 00  a4 00 00 00 b0 00 00 00
b0 00 00 00 1e 00 00 00  77 00 00 00 36 00 00 00
99 00 00 00 a4 00 00 00  b0 00 00 00 b0 00 00 00
7a 00 00 00 b7 00 00 00  76 00 00 00 da 00 00 00
e4 00 00 00 f0 00 00 00  f0 00 00 00 34 00 00 00
b7 00 00 00 76 00 00 00  db 00 00 00 e4 00 00 00
f0 00 00 00 f0 00 00 00  e5 00 00 00 b7 00 00 00
76 00 00 00 dc 00 00 00  e4 00 00 00 f0 00 00 00
f0 00 00 00 e7 00 00 00  b7 00 00 00 76 00 00 00
dd 00 00 00 e4 00 00 00  f0 00 00 00 f0 00 00 00
67 00 00 00 b7 00 00 00  76 00 00 00 de 00 00 00
e4 00 00 00 30 00 00 00  30 00 00 00 9d 00 00 00
f7 00 00 00 b6 00 00 00  1f 00 00 00 24 00 00 00
30 00 00 00 30 00 00 00  96 00 00 00 f7 00 00 00
b6 00 00 00 20 00 00 00  24 00 00 00 30 00 00 00
30 00 00 00 fc 00 00 00  f7 00 00 00 b6 00 00 00
21 00 00 00 24 00 00 00  30 00 00 00 30 00 00 00
22 00 00 00 f7 00 00 00  b6 00 00 00 22 00 00 00
24 00 00 00 30 00 00 00  30 00 00 00 89 00 00 00
f7 00 00 00 76 00 00 00  e3 00 00 00 e4 00 00 00
f0 00 00 00 f0 00 00 00  c0 00 00 00 b7 00 00 00
76 00 00 00 e4 00 00 00  e4 00 00 00 f0 00 00 00
f0 00 00 00 b3 00 00 00  b7 00 00 00 76 00 00 00
e5 00 00 00 e4 00 00 00  f0 00 00 00 f0 00 00 00
e8 00 00 00 b7 00 00 00  76 00 00 00 e6 00 00 00
e4 00 00 00 f0 00 00 00  f0 00 00 00 ef 00 00 00
b7 00 00 00 76 00 00 00  e7 00 00 00 e4 00 00 00
f0 00 00 00 b0 00 00 00  0b 00 00 00 77 00 00 00
36 00 00 00 a8 00 00 00  a4 00 00 00 b0 00 00 00
b0 00 00 00 7f 00 00 00  77 00 00 00 36 00 00 00
a9 00 00 00 a4 00 00 00  b0 00 00 00 b0 00 00 00
88 00 00 00 77 00 00 00  36 00 00 00 aa 00 00 00
a4 00 00 00 b0 00 00 00  b0 00 00 00 12 00 00 00
77 00 00 00 36 00 00 00  ab 00 00 00 a4 00 00 00
b0 00 00 00 b0 00 00 00  aa 00 00 00 77 00 00 00
36 00 00 00 ec 00 00 00  e4 00 00 00 f0 00 00 00
f0 00 00 00 ed 00 00 00  b7 00 00 00 76 00 00 00
ed 00 00 00 e4 00 00 00  f0 00 00 00 f0 00 00 00
d7 00 00 00 b7 00 00 00  76 00 00 00 ee 00 00 00
e4 00 00 00 f0 00 00 00  f0 00 00 00 c7 00 00 00
b7 00 00 00 76 00 00 00  ef 00 00 00 e4 00 00 00
f0 00 00 00 f0 00 00 00  ee 00 00 00 b7 00 00 00
76 00 00 00 f0 00 00 00  e4 00 00 00 f0 00 00 00
f0 00 00 00 fb 00 00 00  f7 00 00 00 b6 00 00 00
31 00 00 00 25 00 00 00  30 00 00 00 30 00 00 00
9c 00 00 00 f7 00 00 00  b6 00 00 00 32 00 00 00
25 00 00 00 30 00 00 00  30 00 00 00 97 00 00 00
f7 00 00 00 b6 00 00 00  33 00 00 00 25 00 00 00
30 00 00 00 30 00 00 00  26 00 00 00 64 00 00 00
f1 00 00 00 ba 00 00 00  b6 00 00 00 15 00 00 00
2f 00 00 00 30 00 00 00  30 00 00 00 64 00 00 00
f1 00 00 00 7a 00 00 00  76 00 00 00 cd 00 00 00
ef 00 00 00 f0 00 00 00  f0 00 00 00 24 00 00 00
b1 00 00 00 7a 00 00 00  76 00 00 00 c9 00 00 00
ef 00 00 00 f0 00 00 00  f0 00 00 00 24 00 00 00
b1 00 00 00 7a 00 00 00  76 00 00 00 d1 00 00 00
ef 00 00 00 f0 00 00 00  f0 00 00 00 7c 00 00 00
76 00 00 00 65 00 00 00  f0 00 00 00 f0 00 00 00
f0 00 00 00 7c 00 00 00  31 00 00 00 fd 00 00 00
76 00 00 00 71 00 00 00  c0 00 00 00 3d 00 00 00
98 00 00 00 b1 00 00 00  b1 00 00 00 b1 00 00 00
f1 00 00 00 3a 00 00 00  36 00 00 00 61 00 00 00
ae 00 00 00 b0 00 00 00  b0 00 00 00 e4 00 00 00
a7 00 00 00 69 00 00 00  b2 00 00 00 b1 00 00 00
b1 00 00 00 b1 00 00 00  3e 00 00 00 46 00 00 00
74 00 00 00 a4 00 00 00  b0 00 00 00 b0 00 00 00
3a 00 00 00 46 00 00 00  5d 00 00 00 ae 00 00 00
b0 00 00 00 f0 00 00 00  7b 00 00 00 05 00 00 00
24 00 00 00 7c 00 00 00  7e 00 00 00 9d 00 00 00
ee 00 00 00 f0 00 00 00  f0 00 00 00 2b 00 00 00
02 00 00 00 66 00 00 00  fc 00 00 00 7c 00 00 00
c1 00 00 00 3b 00 00 00  7a 00 00 00 86 00 00 00
d1 00 00 00 ef 00 00 00  f0 00 00 00 f0 00 00 00
dc 00 00 00 fd 00 00 00  31 00 00 00 f0 00 00 00
76 00 00 00 9d 00 00 00  ee 00 00 00 f0 00 00 00
f0 00 00 00 b4 00 00 00  29 00 00 00 72 00 00 00
a6 00 00 00 0d 00 00 00  b4 00 00 00 ee 00 00 00
11 00 00 00 2f 00 00 00  30 00 00 00 30 00 00 00
31 00 00 00 40 00 00 00  bd 00 00 00 c0 00 00 00
31 00 00 00 31 00 00 00  31 00 00 00 bc 00 00 00
b6 00 00 00 0d 00 00 00  2f 00 00 00 30 00 00 00
30 00 00 00 f2 00 00 00  11 00 00 00 37 00 00 00
34 00 00 00 b6 00 00 00  11 00 00 00 2f 00 00 00
30 00 00 00 f0 00 00 00  7a 00 00 00 76 00 00 00
cd 00 00 00 ef 00 00 00  f0 00 00 00 f0 00 00 00
74 00 00 00 76 00 00 00  d5 00 00 00 ef 00 00 00
f0 00 00 00 f0 00 00 00  f7 00 00 00 74 00 00 00
ae 00 00 00 d5 00 00 00  ef 00 00 00 f0 00 00 00
f0 00 00 00 f9 00 00 00  6d 00 00 00 5b 00 00 00
74 00 00 00 9e 00 00 00  d5 00 00 00 ef 00 00 00
f0 00 00 00 f0 00 00 00  f9 00 00 00 7c 00 00 00
7e 00 00 00 95 00 00 00  af 00 00 00 b0 00 00 00
b0 00 00 00 3c 00 00 00  36 00 00 00 8d 00 00 00
af 00 00 00 b0 00 00 00  b0 00 00 00 84 00 00 00
99 00 00 00 3a 00 00 00  36 00 00 00 91 00 00 00
af 00 00 00 b0 00 00 00  b0 00 00 00 3c 00 00 00
3e 00 00 00 95 00 00 00  af 00 00 00 b0 00 00 00
b0 00 00 00 69 00 00 00  b2 00 00 00 b1 00 00 00
b1 00 00 00 b1 00 00 00  84 00 00 00 91 00 00 00
01 00 00 00 7c 00 00 00  76 00 00 00 cd 00 00 00
ef 00 00 00 f0 00 00 00  f0 00 00 00 4b 00 00 00
7c 00 00 00 bb 00 00 00  8a 00 00 00 e8 00 00 00
ea 00 00 00 7a 00 00 00  86 00 00 00 cd 00 00 00
ef 00 00 00 f0 00 00 00  f0 00 00 00 7c 00 00 00
76 00 00 00 d1 00 00 00  ef 00 00 00 f0 00 00 00
f0 00 00 00 16 00 00 00  f0 00 00 00 f1 00 00 00
f1 00 00 00 71 00 00 00  6a 00 00 00 f8 00 00 00
39 00 00 00 3e 00 00 00  31 00 00 00 30 00 00 00
30 00 00 00 30 00 00 00  71 00 00 00 ba 00 00 00
b6 00 00 00 11 00 00 00  2f 00 00 00 30 00 00 00
30 00 00 00 bc 00 00 00  b6 00 00 00 09 00 00 00
2f 00 00 00 30 00 00 00  30 00 00 00 bc 00 00 00
c6 00 00 00 11 00 00 00  2f 00 00 00 30 00 00 00
30 00 00 00 b9 00 00 00  45 00 00 00 34 00 00 00
30 00 00 00 b6 00 00 00  09 00 00 00 2f 00 00 00
30 00 00 00 f0 00 00 00  37 00 00 00 f0 00 00 00
7e 00 00 00 a1 00 00 00  ee 00 00 00 f0 00 00 00
f0 00 00 00 00 00 00 00  76 00 00 00 13 00 00 00
f0 00 00 00 f0 00 00 00  f0 00 00 00 59 00 00 00
f1 00 00 00 71 00 00 00  f1 00 00 00 f1 00 00 00
7c 00 00 00 36 00 00 00  99 00 00 00 41 00 00 00
7c 00 00 00 36 00 00 00  dd 00 00 00 41 00 00 00
f0 00 00 00 86 00 00 00  ad 00 00 00 ee 00 00 00
f0 00 00 00 b0 00 00 00  1b 00 00 00 f1 00 00 00
19 00 00 00 b1 00 00 00  c1 00 00 00 b1 00 00 00
b1 00 00 00 3c 00 00 00  36 00 00 00 25 00 00 00
b0 00 00 00 b0 00 00 00  b0 00 00 00 3c 00 00 00
f1 00 00 00 d1 00 00 00  01 00 00 00 1b 00 00 00
b1 00 00 00 b0 00 00 00  06 00 00 00 7d 00 00 00
3a 00 00 00 f6 00 00 00  9d 00 00 00 3a 00 00 00
0e 00 00 00 9d 00 00 00  19 00 00 00 b1 00 00 00
31 00 00 00 f1 00 00 00  f1 00 00 00 7c 00 00 00
36 00 00 00 99 00 00 00  41 00 00 00 44 00 00 00
f0 00 00 00 86 00 00 00  ad 00 00 00 ee 00 00 00
f0 00 00 00 f0 00 00 00  7c 00 00 00 76 00 00 00
65 00 00 00 f0 00 00 00  f0 00 00 00 f0 00 00 00
7c 00 00 00 31 00 00 00  11 00 00 00 76 00 00 00
b1 00 00 00 6d 00 00 00  54 00 00 00 31 00 00 00
7a 00 00 00 76 00 00 00  a1 00 00 00 ee 00 00 00
f0 00 00 00 30 00 00 00  64 00 00 00 f1 00 00 00
bc 00 00 00 86 00 00 00  1d 00 00 00 34 00 00 00
01 00 00 00 bb 00 00 00  43 00 00 00 bc 00 00 00
7e 00 00 00 1d 00 00 00  b9 00 00 00 45 00 00 00
32 00 00 00 be 00 00 00  81 00 00 00 32 00 00 00
bc 00 00 00 be 00 00 00  a5 00 00 00 30 00 00 00
30 00 00 00 30 00 00 00  64 00 00 00 82 00 00 00
39 00 00 00 be 00 00 00  79 00 00 00 32 00 00 00
bc 00 00 00 8e 00 00 00  65 00 00 00 f0 00 00 00
f0 00 00 00 f0 00 00 00  00 00 00 00 a0 00 00 00
3c 00 00 00 f9 00 00 00  24 00 00 00 c2 00 00 00
7c 00 00 00 3e 00 00 00  dd 00 00 00 00 00 00 00
a7 00 00 00 fd 00 00 00  f2 00 00 00 1c 00 00 00
bb 00 00 00 7c 00 00 00  46 00 00 00 dd 00 00 00
79 00 00 00 fd 00 00 00  f3 00 00 00 7e 00 00 00
41 00 00 00 f2 00 00 00  7c 00 00 00 7e 00 00 00
65 00 00 00 b0 00 00 00  b0 00 00 00 b0 00 00 00
e4 00 00 00 c2 00 00 00  3c 00 00 00 fe 00 00 00
9d 00 00 00 c0 00 00 00  67 00 00 00 bd 00 00 00
b2 00 00 00 dc 00 00 00  7b 00 00 00 3c 00 00 00
06 00 00 00 9d 00 00 00  39 00 00 00 bd 00 00 00
b3 00 00 00 f1 00 00 00  b0 00 00 00 3e 00 00 00
61 00 00 00 ae 00 00 00  b0 00 00 00 b0 00 00 00
26 00 00 00 57 00 00 00  3c 00 00 00 36 00 00 00
25 00 00 00 f0 00 00 00  f0 00 00 00 f0 00 00 00
7c 00 00 00 31 00 00 00  15 00 00 00 7a 00 00 00
76 00 00 00 b1 00 00 00  ee 00 00 00 f0 00 00 00
f0 00 00 00 7e 00 00 00  36 00 00 00 dd 00 00 00
7c 00 00 00 46 00 00 00  cd 00 00 00 43 00 00 00
f0 00 00 00 66 00 00 00  f9 00 00 00 f0 00 00 00
01 00 00 00 50 00 00 00  4f 00 00 00 4c 00 00 00
7c 00 00 00 d6 00 00 00  4e 00 00 00 b3 00 00 00
f5 00 00 00 31 00 00 00  be 00 00 00 71 00 00 00
31 00 00 00 2c 00 00 00  ff 00 00 00 2f 00 00 00
a6 00 00 00 73 00 00 00  79 00 00 00 00 00 00 00
9f 00 00 00 9e 00 00 00  9c 00 00 00 13 00 00 00
80 00 00 00 f1 00 00 00  9c 00 00 00 a8 00 00 00
08 00 00 00 f8 00 00 00  a7 00 00 00 16 00 00 00
1d 00 00 00 14 00 00 00  a1 00 00 00 25 00 00 00
7a 00 00 00 f8 00 00 00  9e 00 00 00 a1 00 00 00
31 00 00 00 b1 00 00 00  ee 00 00 00 f1 00 00 00
c7 00 00 00 f1 00 00 00  45 00 00 00 dd 00 00 00
32 00 00 00 45 00 00 00  bc 00 00 00 3a 00 00 00
63 00 00 00 61 00 00 00  a9 00 00 00 c0 00 00 00
e7 00 00 00 f1 00 00 00  33 00 00 00 56 00 00 00
52 00 00 00 b3 00 00 00  42 00 00 00 ec 00 00 00
3f 00 00 00 34 00 00 00  e0 00 00 00 e3 00 00 00
49 00 00 00 e5 00 00 00  49 00 00 00 e8 00 00 00
4b 00 00 00 b1 00 00 00  fd 00 00 00 02 00 00 00
00 00 00 00 af 00 00 00  f3 00 00 00 17 00 00 00
89 00 00 00 a8 00 00 00  9d 00 00 00 ac 00 00 00
0b 00 00 00 93 00 00 00  f2 00 00 00 a5 00 00 00
f3 00 00 00 95 00 00 00  7a 00 00 00 f6 00 00 00
f3 00 00 00 b1 00 00 00  96 00 00 00 1c 00 00 00
02 00 00 00 69 00 00 00  f2 00 00 00 af 00 00 00
9d 00 00 00 2b 00 00 00  2b 00 00 00 a2 00 00 00
16 00 00 00 61 00 00 00  5d 00 00 00 68 00 00 00
3a 00 00 00 c5 00 00 00  de 00 00 00 67 00 00 00
ee 00 00 00 c8 00 00 00  dd 00 00 00 f1 00 00 00
5c 00 00 00 f1 00 00 00  d7 00 00 00 49 00 00 00
e8 00 00 00 39 00 00 00  5f 00 00 00 b1 00 00 00
eb 00 00 00 5f 00 00 00  de 00 00 00 c0 00 00 00
5d 00 00 00 e8 00 00 00  3f 00 00 00 56 00 00 00
66 00 00 00 47 00 00 00  b3 00 00 00 e0 00 00 00
5d 00 00 00 2b 00 00 00  f8 00 00 00 8b 00 00 00
80 00 00 00 31 00 00 00  22 00 00 00 2a 00 00 00
f3 00 00 00 a2 00 00 00  25 00 00 00 7f 00 00 00
97 00 00 00 17 00 00 00  89 00 00 00 82 00 00 00
27 00 00 00 2e 00 00 00  31 00 00 00 31 00 00 00
72 00 00 00 7d 00 00 00  9e 00 00 00 a1 00 00 00
31 00 00 00 74 00 00 00  20 00 00 00 31 00 00 00
17 00 00 00 a6 00 00 00  a6 00 00 00 97 00 00 00
fc 00 00 00 d7 00 00 00  ed 00 00 00 c7 00 00 00
3a 00 00 00 3f 00 00 00  ba 00 00 00 ce 00 00 00
61 00 00 00 d3 00 00 00  e3 00 00 00 c9 00 00 00
e5 00 00 00 e8 00 00 00  52 00 00 00 ec 00 00 00
3f 00 00 00 e6 00 00 00  68 00 00 00 ea 00 00 00
b1 00 00 00 c7 00 00 00  ed 00 00 00 c8 00 00 00
df 00 00 00 d6 00 00 00  67 00 00 00 34 00 00 00
34 00 00 00 c5 00 00 00  bf 00 00 00 5c 00 00 00
c8 00 00 00 ab 00 00 00  21 00 00 00 b1 00 00 00
b1 00 00 00 f3 00 00 00  d2 00 00 00 e4 00 00 00
18 00 00 00 b1 00 00 00  b1 00 00 00 b1 00 00 00
5f 00 00 00 b1 00 00 00  b1 00 00 00 b1 00 00 00
d5 00 00 00 b1 00 00 00  b1 00 00 00 b1 00 00 00
ab 00 00 00 73 00 00 00  b2 00 00 00 b1 00 00 00
79 00 00 00 8d 00 00 00  b2 00 00 00 b1 00 00 00
b1 00 00 00 b1 00 00 00  b1 00 00 00 b1 00 00 00
f2 00 00 00 f2 00 00 00  f1 00 00 00 f1 00 00 00
f1 00 00 00 f1 00 00 00  f1 00 00 00 f1 00 00 00
2c 00 00 00 43 00 00 00  f2 00 00 00 f1 00 00 00
f1 00 00 00 d1 00 00 00  f3 00 00 00 f1 00 00 00
26 00 00 00 06 00 00 00  f1 00 00 00 f1 00 00 00
c9 00 00 00 f0 00 00 00  e0 00 00 00 7a 00 00 00
d8 00 00 00 76 00 00 00  2d 00 00 00 b7 00 00 00
11 00 00 00 5b 00 00 00  dd 00 00 00 f0 00 00 00
65 00 00 00 81 00 00 00  41 00 00 00 e0 76 01 00
75 98 00 00 73 98 00 00  00 00 00 00 00 00 00 00
6c 6f 67 00 00 00 00 00  00 00 00 00 00 00 00 00
00 00 00 00 00 00 e0 3f  70 6f 77 00 00 00 00 00
02 00 00 00 2f cd 41 00  2f cd 41 00 2f cd 41 00
2f cd 41 00 2f cd 41 00  2f cd 41 00 2f cd 41 00
2f cd 41 00 2f cd 41 00  2f cd 41 00 00 00 00 00
01 00 00 00 16 00 00 00  02 00 00 00 02 00 00 00
03 00 00 00 02 00 00 00  04 00 00 00 18 00 00 00
05 00 00 00 0d 00 00 00  06 00 00 00 09 00 00 00
07 00 00 00 0c 00 00 00  08 00 00 00 0c 00 00 00
09 00 00 00 0c 00 00 00  0a 00 00 00 07 00 00 00
0b 00 00 00 08 00 00 00  0c 00 00 00 16 00 00 00
0d 00 00 00 16 00 00 00  0f 00 00 00 02 00 00 00
10 00 00 00 0d 00 00 00  11 00 00 00 12 00 00 00
12 00 00 00 02 00 00 00  21 00 00 00 0d 00 00 00
35 00 00 00 02 00 00 00  41 00 00 00 0d 00 00 00
43 00 00 00 02 00 00 00  50 00 00 00 11 00 00 00
52 00 00 00 0d 00 00 00  53 00 00 00 0d 00 00 00
57 00 00 00 16 00 00 00  59 00 00 00 0b 00 00 00
6c 00 00 00 0d 00 00 00  6d 00 00 00 20 00 00 00
70 00 00 00 1c 00 00 00  72 00 00 00 09 00 00 00
06 00 00 00 16 00 00 00  80 00 00 00 0a 00 00 00
81 00 00 00 0a 00 00 00  82 00 00 00 09 00 00 00
83 00 00 00 16 00 00 00  84 00 00 00 0d 00 00 00
91 00 00 00 29 00 00 00  9e 00 00 00 0d 00 00 00
a1 00 00 00 02 00 00 00  a4 00 00 00 0b 00 00 00
a7 00 00 00 0d 00 00 00  b7 00 00 00 11 00 00 00
ce 00 00 00 02 00 00 00  d7 00 00 00 0b 00 00 00
18 07 00 00 0c 00 00 00  0c 00 00 00 08 00 00 00
00 00 00 00 01 00 00 00  00 00 00 00 01 00 00 00
00 00 00 00 00 00 00 00  00 00 00 00 01 00 00 00
00 00 00 00 01 00 00 00  00 00 00 00 00 00 00 00
00 00 00 00 01 00 00 00  00 00 00 00 01 00 00 00
00 00 00 00 01 00 00 00  00 00 00 00 00 00 00 00
00 00 00 00 01 00 00 00  00 00 00 00 00 00 00 00
00 00 00 00 01 00 00 00  00 00 00 00 01 00 00 00
00 00 00 00 01 00 00 00  00 00 00 00 00 00 00 00
00 00 00 00 01 00 00 00  00 00 00 00 01 00 00 00
00 00 00 00 01 00 00 00  00 00 00 00 00 00 00 00
00 00 00 00 00 00 00 00  00 00 00 00 00 00 00 00
00 00 00 00 00 00 00 00  00 00 00 00 00 00 00 00
00 00 00 00 00 00 00 00  00 00 00 00 00 00 00 00
00 00 00 00 00 00 00 00  00 00 00 00 00 00 00 00
00 00 00 00 00 00 00 00  00 00 00 00 00 00 00 00
00 00 00 00 00 00 00 00  00 00 00 00 00 00 00 00
00 00 00 00 00 00 00 00  00 00 00 00 00 00 00 00
00 00 00 00 00 00 00 00  00 00 00 00 00 00 00 00
10 00 00 00 00 00 00 00  00 00 00 00 00 00 00 00
00 00 00 00 00 00 00 80  ff 7f 00 00 00 00 00 00
00 80 ff ff dc a7 d7 b9  85 66 71 b1 0d 40 00 00
00 00 00 00 ff ff 0d 40  f7 36 43 0c 98 19 f6 95
fd 3f 00 00 00 00 00 00  e0 3f 03 65 78 70 00 00
00 00 00 00 00 00 00 01  14 00 61 8a 41 00 5d 92
41 00 62 92 41 00 a1 8b  41 00 00 00 00 00 00 00
00 00 00 00 00 00 00 c0  ff ff 35 c2 68 21 a2 da
0f c9 ff 3f 00 00 00 00  00 00 f0 3f 08 04 08 08
08 04 08 08 00 04 0c 08  00 04 0c 08 00 00 00 00
1c a5 41 00 00 00 00 00  02 00 00 00 a0 99 42 00
08 00 00 00 74 99 42 00  09 00 00 00 48 99 42 00
0a 00 00 00 b0 98 42 00  10 00 00 00 84 98 42 00
11 00 00 00 54 98 42 00  12 00 00 00 30 98 42 00
13 00 00 00 04 98 42 00  18 00 00 00 cc 97 42 00
19 00 00 00 a4 97 42 00  1a 00 00 00 6c 97 42 00
1b 00 00 00 34 97 42 00  1c 00 00 00 0c 97 42 00
1e 00 00 00 ec 96 42 00  1f 00 00 00 88 96 42 00
20 00 00 00 50 96 42 00  21 00 00 00 58 95 42 00
22 00 00 00 b8 94 42 00  78 00 00 00 a4 94 42 00
79 00 00 00 94 94 42 00  7a 00 00 00 84 94 42 00
fc 00 00 00 80 94 42 00  ff 00 00 00 70 94 42 00
03 00 00 00 07 00 00 00  78 00 00 00 0a 00 00 00
ff ff ff ff 80 0a 00 00  00 00 00 00 00 00 00 00
00 00 00 00 00 00 00 00  00 00 00 00 00 00 00 00
00 00 00 00 00 00 00 00  00 00 00 00 00 00 00 00
00 00 00 00 00 00 00 00  00 00 00 00 00 00 00 00
ff ff ff ff ff ff ff ff  00 00 00 00 00 00 00 00
00 00 00 00 00 00 00 00  00 00 00 00 00 00 00 00
00 00 00 00 00 00 00 00  00 00 00 00 00 00 00 00
00 00 00 00 00 00 00 00  00 00 00 00 00 00 00 00
00 00 00 00 00 00 00 00  00 00 00 00 00 00 00 00
00 00 00 00 00 00 00 00  00 00 00 00 00 00 00 00
00 00 00 00 00 00 00 00  00 00 00 00 00 00 10 10
10 10 10 10 10 10 10 10  10 10 10 10 10 10 10 10
10 10 10 10 10 10 10 10  00 00 00 00 00 00 20 20
20 20 20 20 20 20 20 20  20 20 20 20 20 20 20 20
20 20 20 20 20 20 20 20  00 00 00 00 00 00 00 00
00 00 00 00 00 00 00 00  00 00 00 00 00 00 00 00
00 00 00 00 00 00 00 00  00 00 00 00 00 00 00 00
00 00 00 00 00 00 00 00  00 00 00 00 00 00 00 00
00 00 00 00 00 00 00 00  00 00 00 00 00 00 00 00
00 00 00 00 00 00 00 00  00 00 00 00 00 00 00 00
00 00 00 00 00 00 00 00  00 00 00 00 00 00 00 00
00 00 00 00 00 00 00 00  00 00 00 00 00 00 00 00
00 00 00 00 00 00 00 00  00 00 00 00 00 00 00 00
00 00 00 00 00 00 00 00  00 00 00 00 00 00 00 00
00 00 00 00 00 00 00 00  00 00 00 00 00 00 00 00
00 00 00 00 00 00 00 00  00 00 00 00 00 00 00 00
00 00 00 00 00 00 00 00  00 00 00 00 00 00 61 62
63 64 65 66 67 68 69 6a  6b 6c 6d 6e 6f 70 71 72
73 74 75 76 77 78 79 7a  00 00 00 00 00 00 41 42
43 44 45 46 47 48 49 4a  4b 4c 4d 4e 4f 50 51 52
53 54 55 56 57 58 59 5a  00 00 00 00 00 00 00 00
00 00 00 00 00 00 00 00  00 00 00 00 00 00 00 00
00 00 00 00 00 00 00 00  00 00 00 00 00 00 00 00
00 00 00 00 00 00 00 00  00 00 00 00 00 00 00 00
00 00 00 00 00 00 00 00  00 00 00 00 00 00 00 00
00 00 00 00 00 00 00 00  00 00 00 00 00 00 00 00
00 00 00 00 00 00 00 00  00 00 00 00 00 00 00 00
00 00 00 00 00 00 00 00  00 00 00 00 00 00 00 00
00 00 00 00 00 00 00 00  00 00 00 00 00 00 00 00
00 00 00 00 00 00 00 00  00 00 00 00 00 00 00 00
00 00 00 00 00 00 00 00  00 00 00 00 00 00 00 00
00 00 00 00 00 00 00 00  00 00 00 00 00 00 00 00
00 00 00 00 00 00 00 00  00 00 00 00 00 00 00 00
00 00 10 10 10 10 10 10  10 10 10 10 10 10 10 10
10 10 10 10 10 10 10 10  10 10 10 10 00 00 00 00
00 00 20 20 20 20 20 20  20 20 20 20 20 20 20 20
20 20 20 20 20 20 20 20  20 20 20 20 00 00 00 00
00 00 00 00 00 00 00 00  00 00 00 00 00 00 00 00
00 00 00 00 00 00 00 00  00 00 00 00 00 00 00 00
00 00 00 00 00 00 00 00  00 00 00 00 00 00 00 00
00 00 00 00 00 00 00 00  00 00 00 00 00 00 00 00
00 00 00 00 00 00 00 00  00 00 00 00 00 00 00 00
00 00 00 00 00 00 00 00  00 00 00 00 00 00 00 00
00 00 00 00 00 00 00 00  00 00 00 00 00 00 00 00
00 00 00 00 00 00 00 00  00 00 00 00 00 00 00 00
00 00 00 00 00 00 00 00  00 00 00 00 00 00 00 00
00 00 00 00 00 00 00 00  00 00 00 00 00 00 00 00
00 00 00 00 00 00 00 00  00 00 00 00 00 00 00 00
00 00 00 00 00 00 00 00  00 00 00 00 00 00 00 00
00 00 00 00 00 00 00 00  00 61 62 63 64 65 66 67
68 69 6a 6b 6c 6d 6e 6f  70 71 72 73 74 75 76 77
78 79 7a 00 00 00 00 00  00 41 42 43 44 45 46 47
48 49 4a 4b 4c 4d 4e 4f  50 51 52 53 54 55 56 57
58 59 5a 00 00 00 00 00  00 00 00 00 00 00 00 00
00 00 00 00 00 00 00 00  00 00 00 00 00 00 00 00
00 00 00 00 00 00 00 00  00 00 00 00 00 00 00 00
00 00 00 00 00 00 00 00  00 00 00 00 00 00 00 00
00 00 00 00 00 00 00 00  00 00 00 00 00 00 00 00
00 00 00 00 00 00 00 00  00 00 00 00 00 00 00 00
00 00 00 00 00 00 00 00  00 00 00 00 00 00 00 00
00 00 00 00 00 00 00 00  00 00 00 00 00 00 00 00
00 00 00 00 00 00 00 00  a0 03 43 00 01 02 04 08
a4 03 00 00 60 82 79 82  21 00 00 00 00 00 00 00
a6 df 00 00 00 00 00 00  a1 a5 00 00 00 00 00 00
81 9f e0 fc 00 00 00 00  40 7e 80 fc 00 00 00 00
a8 03 00 00 c1 a3 da a3  20 00 00 00 00 00 00 00
00 00 00 00 00 00 00 00  00 00 00 00 00 00 00 00
81 fe 00 00 00 00 00 00  40 fe 00 00 00 00 00 00
b5 03 00 00 c1 a3 da a3  20 00 00 00 00 00 00 00
00 00 00 00 00 00 00 00  00 00 00 00 00 00 00 00
81 fe 00 00 00 00 00 00  41 fe 00 00 00 00 00 00
b6 03 00 00 cf a2 e4 a2  1a 00 e5 a2 e8 a2 5b 00
00 00 00 00 00 00 00 00  00 00 00 00 00 00 00 00
81 fe 00 00 00 00 00 00  40 7e a1 fe 00 00 00 00
51 05 00 00 51 da 5e da  20 00 5f da 6a da 32 00
00 00 00 00 00 00 00 00  00 00 00 00 00 00 00 00
81 d3 d8 de e0 f9 00 00  31 7e 81 fe 00 00 00 00
dc 9f 42 00 fe ff ff ff  43 00 00 00 00 00 00 00
01 00 00 00 00 00 00 00  00 00 00 00 00 00 00 00
00 00 00 00 00 00 00 00  00 00 00 00 00 00 00 00
00 00 00 00 00 00 00 00  00 00 00 00 00 00 00 00
00 00 00 00 00 00 00 00  00 00 00 00 00 00 00 00
00 00 00 00 00 00 00 00  00 00 00 00 00 00 00 00
00 00 00 00 00 00 00 00  c8 08 43 00 00 00 00 00
00 00 00 00 00 00 00 00  c8 08 43 00 00 00 00 00
00 00 00 00 00 00 00 00  c8 08 43 00 00 00 00 00
00 00 00 00 00 00 00 00  c8 08 43 00 00 00 00 00
00 00 00 00 00 00 00 00  c8 08 43 00 00 00 00 00
00 00 00 00 00 00 00 00  01 00 00 00 01 00 00 00
00 00 00 00 00 00 00 00  00 00 00 00 20 0c 43 00
00 00 00 00 00 00 00 00  d8 9d 42 00 60 a2 42 00
e0 a3 42 00 60 0b 43 00  d0 08 43 00 01 00 00 00
d0 08 43 00 a0 03 43 00  00 00 00 00 00 00 00 00
4e e6 40 bb b1 19 bf 44  00 00 00 00 00 00 00 00
00 01 00 00 04 00 00 07  00 00 0a 00 00 0d 00 00
00 00 70 3f 00 00 88 3f  00 00 00 5f 00 01 00 00
04 00 00 07 00 00 0a 00  00 0d 00 00 00 00 00 00
00 00 ee 3f 00 00 00 00  00 00 f0 43 00 00 00 00
00 00 f0 3b 00 00 00 00  00 00 f0 3f 00 00 00 00
00 00 e0 3f 00 00 00 00  00 00 ff ff fe 7f 94 d7
41 00 9a d7 41 00 9f d7  41 00 a5 d7 41 00 aa d7
41 00 b0 d7 41 00 b6 d7  41 00 bc d7 41 00 c2 d7
41 00 de d7 41 00 e3 d7  41 00 f9 d7 41 00 fe d7
41 00 1a d8 41 00 2a d8  41 00 3e d8 41 00 4e d8
41 00 6e d8 41 00 73 d8  41 00 8d d8 41 00 92 d8
41 00 b2 d8 41 00 c6 d8  41 00 de d8 41 00 f2 d8
41 00 12 d9 41 00 17 d9  41 00 31 d9 41 00 36 d9
41 00 56 d9 41 00 6a d9  41 00 82 d9 41 00 96 d9
41 00 b6 d9 41 00 bb d9  41 00 d5 d9 41 00 da d9
41 00 fa d9 41 00 0e da  41 00 26 da 41 00 3a da
41 00 5a da 41 00 5f da  41 00 79 da 41 00 7e da
41 00 9e da 41 00 b2 da  41 00 ca da 41 00 de da
41 00 fe da 41 00 03 db  41 00 1d db 41 00 22 db
41 00 42 db 41 00 56 db  41 00 6e db 41 00 82 db
41 00 a2 db 41 00 a7 db  41 00 c1 db 41 00 c6 db
41 00 e6 db 41 00 fa db  41 00 12 dc 41 00 00 00
00 00 00 00 00 00 f0 7f  00 00 00 00 00 00 f8 ff
ff ff ff ff ff ff ef 7f  00 00 00 00 00 00 10 00
00 00 00 00 00 00 00 80  d8 9d 42 00 da 9f 42 00
08 a6 42 00 04 a6 42 00  00 a6 42 00 fc a5 42 00
f8 a5 42 00 f4 a5 42 00  f0 a5 42 00 e8 a5 42 00
e0 a5 42 00 d8 a5 42 00  cc a5 42 00 c0 a5 42 00
b8 a5 42 00 ac a5 42 00  a8 a5 42 00 a4 a5 42 00
a0 a5 42 00 9c a5 42 00  98 a5 42 00 94 a5 42 00
90 a5 42 00 8c a5 42 00  88 a5 42 00 84 a5 42 00
80 a5 42 00 7c a5 42 00  74 a5 42 00 68 a5 42 00
60 a5 42 00 58 a5 42 00  98 a5 42 00 50 a5 42 00
48 a5 42 00 40 a5 42 00  34 a5 42 00 2c a5 42 00
20 a5 42 00 14 a5 42 00  10 a5 42 00 0c a5 42 00
00 a5 42 00 ec a4 42 00  e0 a4 42 00 09 04 00 00
01 00 00 00 00 00 00 00  60 0b 43 00 2e 00 00 00
1c 0c 43 00 ac eb 44 00  ac eb 44 00 ac eb 44 00
ac eb 44 00 ac eb 44 00  ac eb 44 00 ac eb 44 00
ac eb 44 00 ac eb 44 00  7f 7f 7f 7f 7f 7f 7f 7f
20 0c 43 00 01 00 00 00  2e 00 00 00 01 00 00 00
00 04 00 00 01 fc ff ff  35 00 00 00 0b 00 00 00
40 00 00 00 ff 03 00 00  80 00 00 00 81 ff ff ff
18 00 00 00 08 00 00 00  20 00 00 00 7f 00 00 00
20 05 93 19 00 00 00 00  00 00 00 00 00 00 00 00
94 26 00 00 00 00 00 00  14 00 00 00 58 9c 42 00
1d 00 00 00 5c 9c 42 00  1a 00 00 00 4c 9c 42 00
1b 00 00 00 50 9c 42 00  1f 00 00 00 a4 a6 42 00
13 00 00 00 9c a6 42 00  21 00 00 00 94 a6 42 00
0e 00 00 00 44 9c 42 00  0d 00 00 00 3c 9c 42 00
0f 00 00 00 2c 9c 42 00  10 00 00 00 8c a6 42 00
05 00 00 00 84 a6 42 00  1e 00 00 00 10 9c 42 00
12 00 00 00 0c 9c 42 00  20 00 00 00 08 9c 42 00
0c 00 00 00 24 9c 42 00  0b 00 00 00 1c 9c 42 00
15 00 00 00 7c a6 42 00  1c 00 00 00 14 9c 42 00
19 00 00 00 74 a6 42 00  11 00 00 00 6c a6 42 00
18 00 00 00 64 a6 42 00  16 00 00 00 5c a6 42 00
17 00 00 00 54 a6 42 00  22 00 00 00 50 a6 42 00
23 00 00 00 4c a6 42 00  24 00 00 00 48 a6 42 00
25 00 00 00 40 a6 42 00  26 00 00 00 34 a6 42 00
00 00 00 00 00 00 00 80  10 44 00 00 01 00 00 00
00 00 00 80 00 30 00 00  01 00 00 00 03 00 00 00
80 70 00 00 01 00 00 00  f0 f1 ff ff 00 00 00 00
50 53 54 00 00 00 00 00  00 00 00 00 00 00 00 00
00 00 00 00 00 00 00 00  00 00 00 00 00 00 00 00
00 00 00 00 00 00 00 00  00 00 00 00 00 00 00 00
00 00 00 00 00 00 00 00  00 00 00 00 00 00 00 00
50 44 54 00 00 00 00 00  00 00 00 00 00 00 00 00
00 00 00 00 00 00 00 00  00 00 00 00 00 00 00 00
00 00 00 00 00 00 00 00  00 00 00 00 00 00 00 00
00 00 00 00 00 00 00 00  00 00 00 00 00 00 00 00
c0 0d 43 00 00 0e 43 00  ff ff ff ff 00 00 00 00
00 00 00 00 ff ff ff ff  00 00 00 00 00 00 00 00
00 00 00 00 00 00 00 00  00 a0 02 40 00 00 00 00
00 00 00 00 00 c8 05 40  00 00 00 00 00 00 00 00
00 fa 08 40 00 00 00 00  00 00 00 00 40 9c 0c 40
00 00 00 00 00 00 00 00  50 c3 0f 40 00 00 00 00
00 00 00 00 24 f4 12 40  00 00 00 00 00 00 00 80
96 98 16 40 00 00 00 00  00 00 00 20 bc be 19 40
00 00 00 00 00 04 bf c9  1b 8e 34 40 00 00 00 a1
ed cc ce 1b c2 d3 4e 40  20 f0 9e b5 70 2b a8 ad
c5 9d 69 40 d0 5d fd 25  e5 1a 8e 4f 19 eb 83 40
71 96 d7 95 43 0e 05 8d  29 af 9e 40 f9 bf a0 44
ed 81 12 8f 81 82 b9 40  bf 3c d5 a6 cf ff 49 1f
78 c2 d3 40 6f c6 e0 8c  e9 80 c9 47 ba 93 a8 41
bc 85 6b 55 27 39 8d f7  70 e0 7c 42 bc dd 8e de
f9 9d fb eb 7e aa 51 43  a1 e6 76 e3 cc f2 29 2f
84 81 26 44 28 10 17 aa  f8 ae 10 e3 c5 c4 fa 44
eb a7 d4 f3 f7 eb e1 4a  7a 95 cf 45 65 cc c7 91
0e a6 ae a0 19 e3 a3 46  0d 65 17 0c 75 81 86 75
76 c9 48 4d 58 42 e4 a7  93 39 3b 35 b8 b2 ed 53
4d a7 e5 5d 3d c5 5d 3b  8b 9e 92 5a ff 5d a6 f0
a1 20 c0 54 a5 8c 37 61  d1 fd 8b 5a 8b d8 25 5d
89 f9 db 67 aa 95 f8 f3  27 bf a2 c8 5d dd 80 6e
4c c9 9b 97 20 8a 02 52  60 c4 25 75 00 00 00 00
cd cc cd cc cc cc cc cc  cc cc fb 3f 71 3d 0a d7
a3 70 3d 0a d7 a3 f8 3f  5a 64 3b df 4f 8d 97 6e
12 83 f5 3f c3 d3 2c 65  19 e2 58 17 b7 d1 f1 3f
d0 0f 23 84 47 1b 47 ac  c5 a7 ee 3f 40 a6 b6 69
6c af 05 bd 37 86 eb 3f  33 3d bc 42 7a e5 d5 94
bf d6 e7 3f c2 fd fd ce  61 84 11 77 cc ab e4 3f
2f 4c 5b e1 4d c4 be 94  95 e6 c9 3f 92 c4 53 3b
75 44 cd 14 be 9a af 3f  de 67 ba 94 39 45 ad 1e
b1 cf 94 3f 24 23 c6 e2  bc ba 3b 31 61 8b 7a 3f
61 55 59 c1 7e b1 53 7c  12 bb 5f 3f d7 ee 2f 8d
06 be 92 85 15 fb 44 3f  24 3f a5 e9 39 a5 27 ea
7f a8 2a 3f 7d ac a1 e4  bc 64 7c 46 d0 dd 55 3e
63 7b 06 cc 23 54 77 83  ff 91 81 3d 91 fa 3a 19
7a 63 25 43 31 c0 ac 3c  21 89 d1 38 82 47 97 b8
00 fd d7 3b dc 88 58 08  1b b1 e8 e3 86 a6 03 3b
c6 84 45 42 07 b6 99 75  37 db 2e 3a 33 71 1c d2
23 db 32 ee 49 90 5a 39  a6 87 be c0 57 da a5 82
a6 a2 b5 32 e2 68 b2 11  a7 52 9f 44 59 b7 10 2c
25 49 e4 2d 36 34 4f 53  ae ce 6b 25 8f 59 04 a4
c0 de c2 7d fb e8 c6 1e  9e e7 88 5a 57 91 3c bf
50 83 22 18 4e 4b 65 62  fd 83 8f af 06 94 7d 11
e4 2d de 9f ce d2 c8 04  dd a6 d8 0a ff ff ff ff
1e 00 00 00 3b 00 00 00  5a 00 00 00 78 00 00 00
97 00 00 00 b5 00 00 00  d4 00 00 00 f3 00 00 00
11 01 00 00 30 01 00 00  4e 01 00 00 6d 01 00 00
ff ff ff ff 1e 00 00 00  3a 00 00 00 59 00 00 00
77 00 00 00 96 00 00 00  b4 00 00 00 d3 00 00 00
f2 00 00 00 10 01 00 00  2f 01 00 00 4d 01 00 00
6c 01 00 00 00 00 00 00  00 00 00 00 00 00 00 00
00 00 00 00 00 00 00 00  00 00 00 00 00 00 00 00
00 00 00 00 00 00 00 00  00 00 00 00 00 00 00 00
00 00 00 00 00 00 00 00  00 00 00 00 00 00 00 00
00 00 00 00 00 00 00 00  00 00 00 00 00 00 00 00
00 00 00 00 00 00 00 00  00 00 00 00 00 00 00 00
00 00 00 00 00 00 00 00  00 00 00 00 00 00 00 00
00 00 00 00 00 00 00 00  00 00 00 00 00 00 00 00
