1c 03 44 00 48 5a 44 00  00 00 00 00 2e 3f 41 56
62 61 64 5f 61 6c 6c 6f  63 40 73 74 64 40 40 00
48 5a 44 00 00 00 00 00  2e 3f 41 56 65 78 63 65
70 74 69 6f 6e 40 73 74  64 40 40 00 48 5a 44 00
00 00 00 00 2e 3f 41 56  66 61 63 65 74 40 6c 6f
63 61 6c 65 40 73 74 64  40 40 00 00 48 5a 44 00
00 00 00 00 2e 3f 41 56  63 6f 64 65 63 76 74 5f
62 61 73 65 40 73 74 64  40 40 00 00 48 5a 44 00
00 00 00 00 2e 3f 41 55  63 74 79 70 65 5f 62 61
73 65 40 73 74 64 40 40  00 00 00 00 48 5a 44 00
00 00 00 00 2e 3f 41 56  69 6f 73 5f 62 61 73 65
40 73 74 64 40 40 00 00  48 5a 44 00 00 00 00 00
2e 3f 41 56 3f 24 5f 49  6f 73 62 40 48 40 73 74
64 40 40 00 48 5a 44 00  00 00 00 00 2e 3f 41 56
3f 24 62 61 73 69 63 5f  6f 73 74 72 65 61 6d 40
44 55 3f 24 63 68 61 72  5f 74 72 61 69 74 73 40
44 40 73 74 64 40 40 40  73 74 64 40 40 00 00 00
48 5a 44 00 00 00 00 00  2e 3f 41 56 3f 24 62 61
73 69 63 5f 69 6f 73 40  44 55 3f 24 63 68 61 72
5f 74 72 61 69 74 73 40  44 40 73 74 64 40 40 40
73 74 64 40 40 00 00 00  48 5a 44 00 00 00 00 00
2e 3f 41 56 3f 24 63 74  79 70 65 40 44 40 73 74
64 40 40 00 48 5a 44 00  00 00 00 00 2e 3f 41 56
3f 24 62 61 73 69 63 5f  73 74 72 65 61 6d 62 75
66 40 44 55 3f 24 63 68  61 72 5f 74 72 61 69 74
73 40 44 40 73 74 64 40  40 40 73 74 64 40 40 00
48 5a 44 00 00 00 00 00  2e 3f 41 56 3f 24 63 6f
64 65 63 76 74 40 44 44  48 40 73 74 64 40 40 00
48 5a 44 00 00 00 00 00  2e 3f 41 56 3f 24 62 61
73 69 63 5f 66 69 6c 65  62 75 66 40 44 55 3f 24
63 68 61 72 5f 74 72 61  69 74 73 40 44 40 73 74
64 40 40 40 73 74 64 40  40 00 00 00 48 5a 44 00
00 00 00 00 2e 3f 41 56  72 75 6e 74 69 6d 65 5f
65 72 72 6f 72 40 73 74  64 40 40 00 48 5a 44 00
00 00 00 00 2e 3f 41 56  66 61 69 6c 75 72 65 40
69 6f 73 5f 62 61 73 65  40 73 74 64 40 40 00 00
48 5a 44 00 00 00 00 00  2e 3f 41 56 62 61 64 5f
63 61 73 74 40 73 74 64  40 40 00 00 48 5a 44 00
00 00 00 00 2e 3f 41 56  3f 24 62 61 73 69 63 5f
6f 66 73 74 72 65 61 6d  40 44 55 3f 24 63 68 61
72 5f 74 72 61 69 74 73  40 44 40 73 74 64 40 40
40 73 74 64 40 40 00 00  48 5a 44 00 00 00 00 00
2e 3f 41 56 43 4c 6f 67  67 65 72 40 40 00 00 00
1c 03 44 00 48 5a 44 00  00 00 00 00 2e 3f 41 56
43 4d 65 6d 4d 61 70 70  65 64 46 69 6c 65 40 40
00 00 00 00 48 5a 44 00  00 00 00 00 2e 3f 41 56
52 65 67 4b 65 79 40 6d  70 67 40 40 00 00 00 00
1c 03 44 00 48 5a 44 00  00 00 00 00 2e 50 41 44
00 00 00 00 48 5a 44 00  00 00 00 00 2e 50 41 58
00 00 00 00 48 5a 44 00  00 00 00 00 2e 3f 41 56
6c 6f 67 69 63 5f 65 72  72 6f 72 40 73 74 64 40
40 00 00 00 48 5a 44 00  00 00 00 00 2e 3f 41 56
6c 65 6e 67 74 68 5f 65  72 72 6f 72 40 73 74 64
40 40 00 00 48 5a 44 00  00 00 00 00 2e 3f 41 56
43 53 45 46 69 6c 65 40  40 00 00 00 48 5a 44 00
00 00 00 00 2e 44 00 00  1c 03 44 00 48 5a 44 00
00 00 00 00 2e 3f 41 56  53 74 72 69 6e 67 40 6d
70 67 40 40 00 00 00 00  1c 03 44 00 84 1d 44 00
00 00 00 00 00 01 00 00  00 00 00 00 00 05 00 00
48 5a 44 00 00 00 00 00  2e 3f 41 56 43 54 72 61
63 65 72 40 43 4c 4f 47  46 69 6c 65 40 40 00 00
48 5a 44 00 00 00 00 00  2e 3f 41 56 43 4c 4f 47
46 69 6c 65 40 40 00 00  08 50 44 00 b8 4e 44 00
01 01 00 00 1e 01 00 00  0f 00 00 00 88 54 44 00
40 4f 44 00 00 00 00 00  1e 00 00 00 0f 00 00 00
00 00 00 00 b8 4f 44 00  00 00 00 00 13 00 00 00
07 00 00 00 ff ff ff ff  1c 03 44 00 48 5a 44 00
00 00 00 00 2e 3f 41 56  5f 4c 6f 63 69 6d 70 40
6c 6f 63 61 6c 65 40 73  74 64 40 40 00 00 00 00
1c 03 44 00 01 00 00 00  1c 03 44 00 48 5a 44 00
00 00 00 00 2e 3f 41 56  69 6e 76 61 6c 69 64 5f
61 72 67 75 6d 65 6e 74  40 73 74 64 40 40 00 00
48 5a 44 00 00 00 00 00  2e 3f 41 56 6f 75 74 5f
6f 66 5f 72 61 6e 67 65  40 73 74 64 40 40 00 00
1c 03 44 00 70 59 44 00  b0 59 44 00 b0 59 44 00
b4 59 44 00 b8 59 44 00  c0 59 44 00 c0 59 44 00
c8 59 44 00 d0 59 44 00  d8 59 44 00 e0 59 44 00
e8 59 44 00 f0 59 44 00  f8 59 44 00 00 00 00 00
1c 03 44 00 1c 03 44 00  1c 03 44 00 0a 00 00 00
43 6f 70 79 72 69 67 68  74 20 28 63 29 20 31 39
39 32 2d 32 30 30 34 20  62 79 20 50 2e 4a 2e 20
50 6c 61 75 67 65 72 2c  20 6c 69 63 65 6e 73 65
64 20 62 79 20 44 69 6e  6b 75 6d 77 61 72 65 2c
20 4c 74 64 2e 20 41 4c  4c 20 52 49 47 48 54 53
20 52 45 53 45 52 56 45  44 2e 00 00 1c 03 44 00
48 5a 44 00 00 00 00 00  2e 3f 41 56 62 61 64 5f
74 79 70 65 69 64 40 73  74 64 40 40 00 00 00 00
48 5a 44 00 00 00 00 00  2e 3f 41 56 5f 5f 6e 6f
6e 5f 72 74 74 69 5f 6f  62 6a 65 63 74 40 73 74
64 40 40 00 1c 03 44 00  48 5a 44 00 00 00 00 00
2e 3f 41 56 74 79 70 65  5f 69 6e 66 6f 40 40 00
1c 03 44 00 4e e6 40 bb  b1 19 bf 44 75 98 00 00
73 98 00 00 00 00 00 00  00 00 00 00 00 00 00 00
e2 a1 41 00 00 00 00 00  00 00 00 00 00 00 00 00
02 00 00 00 a8 5b 44 00  aa 5d 44 00 00 00 00 00
03 00 00 00 ac 5d 44 00  1c 03 44 00 48 5a 44 00
00 00 00 00 2e 3f 41 56  62 61 64 5f 65 78 63 65
70 74 69 6f 6e 40 73 74  64 40 40 00 1c 03 44 00
01 00 00 00 16 00 00 00  02 00 00 00 02 00 00 00
03 00 00 00 02 00 00 00  04 00 00 00 18 00 00 00
05 00 00 00 0d 00 00 00  06 00 00 00 09 00 00 00
07 00 00 00 0c 00 00 00  08 00 00 00 0c 00 00 00
09 00 00 00 0c 00 00 00  0a 00 00 00 07 00 00 00
0b 00 00 00 08 00 00 00  0c 00 00 00 16 00 00 00
0d 00 00 00 16 00 00 00  0f 00 00 00 02 00 00 00
10 00 00 00 0d 00 00 00  11 00 00 00 12 00 00 00
12 00 00 00 02 00 00 00  21 00 00 00 0d 00 00 00
35 00 00 00 02 00 00 00  41 00 00 00 0d 00 00 00
43 00 00 00 02 00 00 00  50 00 00 00 11 00 00 00
52 00 00 00 0d 00 00 00  53 00 00 00 0d 00 00 00
57 00 00 00 16 00 00 00  59 00 00 00 0b 00 00 00
6c 00 00 00 0d 00 00 00  6d 00 00 00 20 00 00 00
70 00 00 00 1c 00 00 00  72 00 00 00 09 00 00 00
06 00 00 00 16 00 00 00  80 00 00 00 0a 00 00 00
81 00 00 00 0a 00 00 00  82 00 00 00 09 00 00 00
83 00 00 00 16 00 00 00  84 00 00 00 0d 00 00 00
91 00 00 00 29 00 00 00  9e 00 00 00 0d 00 00 00
a1 00 00 00 02 00 00 00  a4 00 00 00 0b 00 00 00
a7 00 00 00 0d 00 00 00  b7 00 00 00 11 00 00 00
ce 00 00 00 02 00 00 00  d7 00 00 00 0b 00 00 00
18 07 00 00 0c 00 00 00  0c 00 00 00 08 00 00 00
ff ff ff ff ff ff ff ff  10 00 00 00 00 00 00 00
00 00 00 00 01 00 00 00  00 00 00 00 01 00 00 00
00 00 00 00 00 00 00 00  00 00 00 00 01 00 00 00
00 00 00 00 01 00 00 00  00 00 00 00 00 00 00 00
00 00 00 00 01 00 00 00  00 00 00 00 01 00 00 00
00 00 00 00 01 00 00 00  00 00 00 00 00 00 00 00
00 00 00 00 01 00 00 00  00 00 00 00 00 00 00 00
00 00 00 00 01 00 00 00  00 00 00 00 01 00 00 00
00 00 00 00 01 00 00 00  00 00 00 00 00 00 00 00
00 00 00 00 01 00 00 00  00 00 00 00 01 00 00 00
00 00 00 00 01 00 00 00  00 00 00 00 00 00 00 00
00 00 00 00 00 00 00 00  00 00 00 00 00 00 00 00
00 00 00 00 00 00 00 00  00 00 00 00 00 00 00 00
00 00 00 00 00 00 00 00  00 00 00 00 00 00 00 00
00 00 00 00 00 00 00 00  00 00 00 00 00 00 00 00
00 00 00 00 00 00 00 00  00 00 00 00 00 00 00 00
00 00 00 00 00 00 00 00  00 00 00 00 00 00 00 00
00 00 00 00 00 00 00 00  00 00 00 00 00 00 00 00
00 00 00 00 00 00 00 00  00 00 00 00 00 00 00 00
40 fc 44 00 00 00 00 00  40 fc 44 00 01 01 00 00
00 00 00 00 00 00 00 00  00 10 00 00 00 00 00 00
00 00 00 00 00 00 00 00  00 00 00 00 02 00 00 00
01 00 00 00 00 00 00 00  00 00 00 00 00 00 00 00
00 00 00 00 00 00 00 00  00 00 00 00 02 00 00 00
02 00 00 00 00 00 00 00  00 00 00 00 00 00 00 00
00 00 00 00 00 00 00 00  00 00 00 00 00 00 00 00
00 00 00 00 00 00 00 00  00 00 00 00 00 00 00 00
00 00 00 00 00 00 00 00  00 00 00 00 00 00 00 00
00 00 00 00 00 00 00 00  00 00 00 00 00 00 00 00
00 00 00 00 00 00 00 00  00 00 00 00 00 00 00 00
00 00 00 00 00 00 00 00  00 00 00 00 00 00 00 00
00 00 00 00 00 00 00 00  00 00 00 00 00 00 00 00
00 00 00 00 00 00 00 00  00 00 00 00 00 00 00 00
00 00 00 00 00 00 00 00  00 00 00 00 00 00 00 00
00 00 00 00 00 00 00 00  00 00 00 00 00 00 00 00
00 00 00 00 00 00 00 00  00 00 00 00 00 00 00 00
00 00 00 00 00 00 00 00  00 00 00 00 00 00 00 00
00 00 00 00 00 00 00 00  00 00 00 00 00 00 00 00
00 00 00 00 00 00 00 00  00 00 00 00 00 00 00 00
00 00 00 00 00 00 00 00  00 00 00 00 00 00 00 00
00 00 00 00 00 00 00 00  00 00 00 00 00 00 00 00
00 00 00 00 00 00 00 00  00 00 00 00 00 00 00 00
00 00 00 00 00 00 00 00  00 00 00 00 00 00 00 00
00 00 00 00 00 00 00 00  00 00 00 00 00 00 00 00
00 00 00 00 00 00 00 00  00 00 00 00 00 00 00 00
00 00 00 00 00 00 00 00  00 00 00 00 00 00 00 00
00 00 00 00 00 00 00 00  00 00 00 00 00 00 00 00
00 00 00 00 00 00 00 00  00 00 00 00 00 00 00 00
00 00 00 00 00 00 00 00  00 00 00 00 00 00 00 00
00 00 00 00 00 00 00 00  00 00 00 00 00 00 00 00
00 00 00 00 00 00 00 00  00 00 00 00 00 00 00 00
00 00 00 00 00 00 00 00  00 00 00 00 00 00 00 00
00 00 00 00 00 00 00 00  00 00 00 00 00 00 00 00
00 00 00 00 00 00 00 00  00 00 00 00 00 00 00 00
00 00 00 00 00 00 00 00  00 00 00 00 00 00 00 00
00 00 00 00 00 00 00 00  00 00 00 00 00 00 00 00
00 00 00 00 00 00 00 00  00 00 00 00 00 00 00 00
00 00 00 00 00 00 00 00  00 00 00 00 00 00 00 00
00 00 00 00 00 00 00 00  00 00 00 00 00 00 00 00
ff ff ff ff 80 0a 00 00  00 00 00 00 00 00 00 00
00 00 00 00 00 00 00 00  00 00 00 00 00 00 00 00
00 00 00 00 00 00 00 00  00 00 00 00 00 00 00 00
00 00 00 00 00 00 00 00  00 00 00 00 00 00 00 00
6c 64 44 00 5c 64 44 00  9f 61 43 00 9f 61 43 00
9f 61 43 00 9f 61 43 00  9f 61 43 00 9f 61 43 00
9f 61 43 00 9f 61 43 00  9f 61 43 00 9f 61 43 00
00 00 00 00 00 00 00 00  00 00 00 00 00 00 00 00
00 00 00 00 00 00 00 00  00 00 00 00 00 00 00 00
00 00 00 00 00 00 00 00  00 00 00 00 00 00 00 00
00 00 00 00 00 00 00 00  00 00 00 00 00 00 00 00
00 00 00 00 00 00 00 00  00 00 00 00 00 00 00 00
00 00 00 00 00 00 00 00  00 00 00 00 00 00 10 10
10 10 10 10 10 10 10 10  10 10 10 10 10 10 10 10
10 10 10 10 10 10 10 10  00 00 00 00 00 00 20 20
20 20 20 20 20 20 20 20  20 20 20 20 20 20 20 20
20 20 20 20 20 20 20 20  00 00 00 00 00 00 00 00
00 00 00 00 00 00 00 00  00 00 00 00 00 00 00 00
00 00 00 00 00 00 00 00  00 00 00 00 00 00 00 00
00 00 00 00 00 00 00 00  00 00 00 00 00 00 00 00
00 00 00 00 00 00 00 00  00 00 00 00 00 00 00 00
00 00 00 00 00 00 00 00  00 00 00 00 00 00 00 00
00 00 00 00 00 00 00 00  00 00 00 00 00 00 00 00
00 00 00 00 00 00 00 00  00 00 00 00 00 00 00 00
00 00 00 00 00 00 00 00  00 00 00 00 00 00 00 00
00 00 00 00 00 00 00 00  00 00 00 00 00 00 00 00
00 00 00 00 00 00 00 00  00 00 00 00 00 00 00 00
00 00 00 00 00 00 00 00  00 00 00 00 00 00 00 00
00 00 00 00 00 00 00 00  00 00 00 00 00 00 61 62
63 64 65 66 67 68 69 6a  6b 6c 6d 6e 6f 70 71 72
73 74 75 76 77 78 79 7a  00 00 00 00 00 00 41 42
43 44 45 46 47 48 49 4a  4b 4c 4d 4e 4f 50 51 52
53 54 55 56 57 58 59 5a  00 00 00 00 00 00 00 00
00 00 00 00 00 00 00 00  00 00 00 00 00 00 00 00
00 00 00 00 00 00 00 00  00 00 00 00 00 00 00 00
00 00 00 00 00 00 00 00  00 00 00 00 00 00 00 00
00 00 00 00 00 00 00 00  00 00 00 00 00 00 00 00
00 00 00 00 00 00 00 00  00 00 00 00 00 00 00 00
00 00 00 00 00 00 00 00  00 00 00 00 00 00 00 00
00 00 00 00 00 00 00 00  00 00 00 00 00 00 00 00
00 00 00 00 00 00 00 00  00 00 00 00 00 00 00 00
00 00 00 00 00 00 00 00  00 00 00 00 00 00 00 00
00 00 00 00 00 00 00 00  00 00 00 00 00 00 00 00
00 00 00 00 00 00 00 00  00 00 00 00 00 00 00 00
00 00 00 00 00 00 00 00  00 00 00 00 00 00 00 00
00 00 10 10 10 10 10 10  10 10 10 10 10 10 10 10
10 10 10 10 10 10 10 10  10 10 10 10 00 00 00 00
00 00 20 20 20 20 20 20  20 20 20 20 20 20 20 20
20 20 20 20 20 20 20 20  20 20 20 20 00 00 00 00
00 00 00 00 00 00 00 00  00 00 00 00 00 00 00 00
00 00 00 00 00 00 00 00  00 00 00 00 00 00 00 00
00 00 00 00 00 00 00 00  00 00 00 00 00 00 00 00
00 00 00 00 00 00 00 00  00 00 00 00 00 00 00 00
00 00 00 00 00 00 00 00  00 00 00 00 00 00 00 00
00 00 00 00 00 00 00 00  00 00 00 00 00 00 00 00
00 00 00 00 00 00 00 00  00 00 00 00 00 00 00 00
00 00 00 00 00 00 00 00  00 00 00 00 00 00 00 00
00 00 00 00 00 00 00 00  00 00 00 00 00 00 00 00
00 00 00 00 00 00 00 00  00 00 00 00 00 00 00 00
00 00 00 00 00 00 00 00  00 00 00 00 00 00 00 00
00 00 00 00 00 00 00 00  00 00 00 00 00 00 00 00
00 00 00 00 00 00 00 00  00 61 62 63 64 65 66 67
68 69 6a 6b 6c 6d 6e 6f  70 71 72 73 74 75 76 77
78 79 7a 00 00 00 00 00  00 41 42 43 44 45 46 47
48 49 4a 4b 4c 4d 4e 4f  50 51 52 53 54 55 56 57
58 59 5a 00 00 00 00 00  00 00 00 00 00 00 00 00
00 00 00 00 00 00 00 00  00 00 00 00 00 00 00 00
00 00 00 00 00 00 00 00  00 00 00 00 00 00 00 00
00 00 00 00 00 00 00 00  00 00 00 00 00 00 00 00
00 00 00 00 00 00 00 00  00 00 00 00 00 00 00 00
00 00 00 00 00 00 00 00  00 00 00 00 00 00 00 00
00 00 00 00 00 00 00 00  00 00 00 00 00 00 00 00
00 00 00 00 00 00 00 00  00 00 00 00 00 00 00 00
00 00 00 00 00 00 00 00  b0 db 44 00 01 02 04 08
a4 03 00 00 60 82 79 82  21 00 00 00 00 00 00 00
a6 df 00 00 00 00 00 00  a1 a5 00 00 00 00 00 00
81 9f e0 fc 00 00 00 00  40 7e 80 fc 00 00 00 00
a8 03 00 00 c1 a3 da a3  20 00 00 00 00 00 00 00
00 00 00 00 00 00 00 00  00 00 00 00 00 00 00 00
81 fe 00 00 00 00 00 00  40 fe 00 00 00 00 00 00
b5 03 00 00 c1 a3 da a3  20 00 00 00 00 00 00 00
00 00 00 00 00 00 00 00  00 00 00 00 00 00 00 00
81 fe 00 00 00 00 00 00  41 fe 00 00 00 00 00 00
b6 03 00 00 cf a2 e4 a2  1a 00 e5 a2 e8 a2 5b 00
00 00 00 00 00 00 00 00  00 00 00 00 00 00 00 00
81 fe 00 00 00 00 00 00  40 7e a1 fe 00 00 00 00
51 05 00 00 51 da 5e da  20 00 5f da 6a da 32 00
00 00 00 00 00 00 00 00  00 00 00 00 00 00 00 00
81 d3 d8 de e0 f9 00 00  31 7e 81 fe 00 00 00 00
fe ff ff ff 00 00 00 00  43 00 00 00 00 00 00 00
01 00 00 00 00 00 00 00  00 00 00 00 00 00 00 00
00 00 00 00 00 00 00 00  00 00 00 00 00 00 00 00
00 00 00 00 00 00 00 00  00 00 00 00 00 00 00 00
00 00 00 00 00 00 00 00  00 00 00 00 00 00 00 00
00 00 00 00 00 00 00 00  00 00 00 00 00 00 00 00
00 00 00 00 00 00 00 00  d8 e0 44 00 00 00 00 00
00 00 00 00 00 00 00 00  d8 e0 44 00 00 00 00 00
00 00 00 00 00 00 00 00  d8 e0 44 00 00 00 00 00
00 00 00 00 00 00 00 00  d8 e0 44 00 00 00 00 00
00 00 00 00 00 00 00 00  d8 e0 44 00 00 00 00 00
00 00 00 00 00 00 00 00  01 00 00 00 01 00 00 00
00 00 00 00 00 00 00 00  00 00 00 00 60 e3 44 00
00 00 00 00 00 00 00 00  a8 5b 44 00 30 60 44 00
b0 61 44 00 a0 e2 44 00  e0 e0 44 00 01 00 00 00
e0 e0 44 00 b0 db 44 00  00 00 00 00 00 00 00 00
02 00 00 00 b8 6a 44 00  08 00 00 00 8c 6a 44 00
09 00 00 00 60 6a 44 00  0a 00 00 00 c8 69 44 00
10 00 00 00 9c 69 44 00  11 00 00 00 6c 69 44 00
12 00 00 00 48 69 44 00  13 00 00 00 1c 69 44 00
18 00 00 00 e4 68 44 00  19 00 00 00 bc 68 44 00
1a 00 00 00 84 68 44 00  1b 00 00 00 4c 68 44 00
1c 00 00 00 24 68 44 00  1e 00 00 00 04 68 44 00
1f 00 00 00 a0 67 44 00  20 00 00 00 68 67 44 00
21 00 00 00 70 66 44 00  22 00 00 00 d0 65 44 00
78 00 00 00 bc 65 44 00  79 00 00 00 ac 65 44 00
7a 00 00 00 9c 65 44 00  fc 00 00 00 98 65 44 00
ff 00 00 00 88 65 44 00  03 00 00 00 07 00 00 00
78 00 00 00 0a 00 00 00  00 00 00 00 00 00 00 00
14 6d 44 00 10 6d 44 00  0c 6d 44 00 08 6d 44 00
04 6d 44 00 00 6d 44 00  fc 6c 44 00 f4 6c 44 00
ec 6c 44 00 e4 6c 44 00  d8 6c 44 00 cc 6c 44 00
c4 6c 44 00 b8 6c 44 00  b4 6c 44 00 b0 6c 44 00
ac 6c 44 00 a8 6c 44 00  a4 6c 44 00 a0 6c 44 00
9c 6c 44 00 98 6c 44 00  94 6c 44 00 90 6c 44 00
8c 6c 44 00 88 6c 44 00  80 6c 44 00 74 6c 44 00
6c 6c 44 00 64 6c 44 00  a4 6c 44 00 5c 6c 44 00
54 6c 44 00 4c 6c 44 00  40 6c 44 00 38 6c 44 00
2c 6c 44 00 20 6c 44 00  1c 6c 44 00 18 6c 44 00
0c 6c 44 00 f8 6b 44 00  ec 6b 44 00 09 04 00 00
01 00 00 00 00 00 00 00  a0 e2 44 00 2e 00 00 00
5c e3 44 00 a4 f9 44 00  a4 f9 44 00 a4 f9 44 00
a4 f9 44 00 a4 f9 44 00  a4 f9 44 00 a4 f9 44 00
a4 f9 44 00 a4 f9 44 00  7f 7f 7f 7f 7f 7f 7f 7f
60 e3 44 00 01 00 00 00  2e 00 00 00 01 00 00 00
20 05 93 19 00 00 00 00  00 00 00 00 00 00 00 00
00 00 00 00 00 00 00 00  00 00 00 00 00 00 00 00
00 00 00 00 00 00 00 00  00 00 00 00 00 00 00 00
00 00 00 00 00 00 00 00  00 00 00 00 00 00 00 00
00 00 00 00 00 00 00 00  00 00 00 00 00 00 00 00
00 00 00 00 00 00 00 00  00 00 00 00 00 00 00 00
00 00 00 00 00 00 00 00  00 00 00 00 00 00 00 00
00 00 00 00 00 00 00 00  00 00 00 00 00 00 00 00
00 00 00 00 00 00 00 00  00 00 00 00 00 00 00 00
00 00 00 00 00 00 00 00  00 00 00 00 00 00 00 00
00 00 00 00 00 00 00 00  00 00 00 00 00 00 00 00
00 00 00 00 00 00 00 00  00 00 00 00 00 00 00 00
00 00 00 00 00 00 00 00  00 00 00 00 00 00 00 00
01 01 01 01 01 01 01 01  01 01 01 01 01 01 01 01
01 01 01 01 01 01 01 01  01 01 01 01 01 01 01 01
02 02 02 02 02 02 02 02  02 02 02 02 02 02 02 02
03 03 03 03 03 03 03 03  00 00 00 00 00 00 00 00
02 00 00 00 00 00 00 00  00 00 00 00 00 00 00 00
80 70 00 00 01 00 00 00  f0 f1 ff ff 00 00 00 00
50 53 54 00 00 00 00 00  00 00 00 00 00 00 00 00
00 00 00 00 00 00 00 00  00 00 00 00 00 00 00 00
00 00 00 00 00 00 00 00  00 00 00 00 00 00 00 00
00 00 00 00 00 00 00 00  00 00 00 00 00 00 00 00
50 44 54 00 00 00 00 00  00 00 00 00 00 00 00 00
00 00 00 00 00 00 00 00  00 00 00 00 00 00 00 00
00 00 00 00 00 00 00 00  00 00 00 00 00 00 00 00
00 00 00 00 00 00 00 00  00 00 00 00 00 00 00 00
d0 e4 44 00 10 e5 44 00  ff ff ff ff 00 00 00 00
00 00 00 00 ff ff ff ff  00 00 00 00 00 00 00 00
fe ff ff ff fe ff ff ff  00 04 00 00 01 fc ff ff
35 00 00 00 0b 00 00 00  40 00 00 00 ff 03 00 00
80 00 00 00 81 ff ff ff  18 00 00 00 08 00 00 00
20 00 00 00 7f 00 00 00  ff ff ff ff 1e 00 00 00
3b 00 00 00 5a 00 00 00  78 00 00 00 97 00 00 00
b5 00 00 00 d4 00 00 00  f3 00 00 00 11 01 00 00
30 01 00 00 4e 01 00 00  6d 01 00 00 ff ff ff ff
1e 00 00 00 3a 00 00 00  59 00 00 00 77 00 00 00
96 00 00 00 b4 00 00 00  d3 00 00 00 f2 00 00 00
10 01 00 00 2f 01 00 00  4d 01 00 00 6c 01 00 00
00 00 00 00 00 00 00 00  00 a0 02 40 00 00 00 00
00 00 00 00 00 c8 05 40  00 00 00 00 00 00 00 00
00 fa 08 40 00 00 00 00  00 00 00 00 40 9c 0c 40
00 00 00 00 00 00 00 00  50 c3 0f 40 00 00 00 00
00 00 00 00 24 f4 12 40  00 00 00 00 00 00 00 80
96 98 16 40 00 00 00 00  00 00 00 20 bc be 19 40
00 00 00 00 00 04 bf c9  1b 8e 34 40 00 00 00 a1
ed cc ce 1b c2 d3 4e 40  20 f0 9e b5 70 2b a8 ad
c5 9d 69 40 d0 5d fd 25  e5 1a 8e 4f 19 eb 83 40
71 96 d7 95 43 0e 05 8d  29 af 9e 40 f9 bf a0 44
ed 81 12 8f 81 82 b9 40  bf 3c d5 a6 cf ff 49 1f
78 c2 d3 40 6f c6 e0 8c  e9 80 c9 47 ba 93 a8 41
bc 85 6b 55 27 39 8d f7  70 e0 7c 42 bc dd 8e de
f9 9d fb eb 7e aa 51 43  a1 e6 76 e3 cc f2 29 2f
84 81 26 44 28 10 17 aa  f8 ae 10 e3 c5 c4 fa 44
eb a7 d4 f3 f7 eb e1 4a  7a 95 cf 45 65 cc c7 91
0e a6 ae a0 19 e3 a3 46  0d 65 17 0c 75 81 86 75
76 c9 48 4d 58 42 e4 a7  93 39 3b 35 b8 b2 ed 53
4d a7 e5 5d 3d c5 5d 3b  8b 9e 92 5a ff 5d a6 f0
a1 20 c0 54 a5 8c 37 61  d1 fd 8b 5a 8b d8 25 5d
89 f9 db 67 aa 95 f8 f3  27 bf a2 c8 5d dd 80 6e
4c c9 9b 97 20 8a 02 52  60 c4 25 75 00 00 00 00
cd cc cd cc cc cc cc cc  cc cc fb 3f 71 3d 0a d7
a3 70 3d 0a d7 a3 f8 3f  5a 64 3b df 4f 8d 97 6e
12 83 f5 3f c3 d3 2c 65  19 e2 58 17 b7 d1 f1 3f
d0 0f 23 84 47 1b 47 ac  c5 a7 ee 3f 40 a6 b6 69
6c af 05 bd 37 86 eb 3f  33 3d bc 42 7a e5 d5 94
bf d6 e7 3f c2 fd fd ce  61 84 11 77 cc ab e4 3f
2f 4c 5b e1 4d c4 be 94  95 e6 c9 3f 92 c4 53 3b
75 44 cd 14 be 9a af 3f  de 67 ba 94 39 45 ad 1e
b1 cf 94 3f 24 23 c6 e2  bc ba 3b 31 61 8b 7a 3f
61 55 59 c1 7e b1 53 7c  12 bb 5f 3f d7 ee 2f 8d
06 be 92 85 15 fb 44 3f  24 3f a5 e9 39 a5 27 ea
7f a8 2a 3f 7d ac a1 e4  bc 64 7c 46 d0 dd 55 3e
63 7b 06 cc 23 54 77 83  ff 91 81 3d 91 fa 3a 19
7a 63 25 43 31 c0 ac 3c  21 89 d1 38 82 47 97 b8
00 fd d7 3b dc 88 58 08  1b b1 e8 e3 86 a6 03 3b
c6 84 45 42 07 b6 99 75  37 db 2e 3a 33 71 1c d2
23 db 32 ee 49 90 5a 39  a6 87 be c0 57 da a5 82
a6 a2 b5 32 e2 68 b2 11  a7 52 9f 44 59 b7 10 2c
25 49 e4 2d 36 34 4f 53  ae ce 6b 25 8f 59 04 a4
c0 de c2 7d fb e8 c6 1e  9e e7 88 5a 57 91 3c bf
50 83 22 18 4e 4b 65 62  fd 83 8f af 06 94 7d 11
e4 2d de 9f ce d2 c8 04  dd a6 d8 0a 00 00 00 00
00 00 00 80 10 44 00 00  01 00 00 00 00 00 00 80
00 30 00 00 01 00 00 00  00 00 00 00 00 00 00 00
00 00 00 00 00 00 00 00  00 00 00 00 00 00 00 00
00 00 00 00 00 00 00 00  00 00 00 00 00 00 00 00
00 00 00 00 00 00 00 00  00 00 00 00 00 00 00 00
00 00 00 00 00 00 00 00  00 00 00 00 00 00 00 00
00 00 00 00 00 00 00 00  00 00 00 00 00 00 00 00
00 00 00 00 00 00 00 00  00 00 00 00 00 00 00 00
00 00 00 00 00 00 00 00  00 00 00 00 00 00 00 00
00 00 00 00 00 00 00 00  00 00 00 00 00 00 00 00
00 00 00 00 00 00 00 00  00 00 00 00 00 00 00 00
00 00 00 00 00 00 00 00  00 00 00 00 00 00 00 00
00 00 00 00 00 00 00 00  00 00 00 00 00 00 00 00
00 00 00 00 00 00 00 00  00 00 00 00 00 00 00 00
00 00 00 00 00 00 00 00  00 00 00 00 00 00 00 00
00 00 00 00 00 00 00 00  00 00 00 00 00 00 00 00
00 00 00 00 00 00 00 00  00 00 00 00 00 00 00 00
00 00 00 00 00 00 00 00  00 00 00 00 00 00 00 00
00 00 00 00 00 00 00 00  00 00 00 00 00 00 00 00
