00 00 00 00 00 00 00 00  00 00 00 00 00 00 00 00
00 00 5f 5f 6a 30 00 00  00 00 90 49 00 00 01 00
20 00 02 00 5f 6a 30 00  00 00 00 00 00 00 00 00
00 00 00 00 69 01 01 00  00 00 03 00 00 00 00 00
00 00 00 00 00 00 00 00  5f 5f 70 6f 77 66 00 00
c0 97 00 00 01 00 20 00  02 00 5f 70 6f 77 66 00
00 00 00 00 00 00 00 00  00 00 69 01 04 00 00 00
03 00 00 00 00 00 00 00  00 00 00 00 00 00 5f 5f
6a 31 00 00 00 00 40 57  00 00 01 00 20 00 02 00
00 00 00 00 95 01 00 00  70 60 01 00 03 00 00 00
02 00 5f 5f 74 61 6e 00  00 00 b0 21 01 00 01 00
20 00 02 00 5f 74 61 6e  00 00 00 00 00 00 00 00
00 00 00 00 69 01 09 00  00 00 03 00 00 00 00 00
00 00 00 00 00 00 00 00  5f 5f 61 74 61 6e 32 66
30 2e 00 00 01 00 20 00  02 00 5f 5f 68 79 70 6f
74 66 c0 46 00 00 01 00  20 00 02 00 5f 68 79 70
6f 74 66 00 00 00 00 00  00 00 00 00 69 01 0d 00
00 00 03 00 00 00 00 00  00 00 00 00 00 00 00 00
00 00 00 00 f7 0b 00 00  20 82 01 00 03 00 00 00
02 00 5f 5f 66 64 69 6d  00 00 70 ff 00 00 01 00
20 00 02 00 5f 5f 65 78  70 6d 31 66 20 fb 00 00
01 00 20 00 02 00 5f 65  78 70 6d 31 66 00 00 00
00 00 00 00 00 00 69 01  12 00 00 00 03 00 00 00
00 00 00 00 00 00 00 00  00 00 5f 5f 6c 6f 67 62
00 00 e0 11 01 00 01 00  20 00 02 00 5f 5f 61 73
69 6e 00 00 b0 25 00 00  01 00 20 00 02 00 00 00
00 00 25 04 00 00 48 61  01 00 03 00 00 00 02 00
5f 5f 72 69 6e 74 66 00  00 1b 01 00 01 00 20 00
02 00 5f 5f 66 6c 6f 6f  72 66 50 02 01 00 01 00
20 00 02 00 5f 66 6c 6f  6f 72 66 00 00 00 00 00
00 00 00 00 69 01 19 00  00 00 03 00 00 00 00 00
00 00 00 00 00 00 00 00  5f 5f 66 6d 6f 64 00 00
30 3b 00 00 01 00 20 00  02 00 00 00 00 00 0d 04
00 00 40 61 01 00 03 00  00 00 02 00 5f 5f 66 6d
61 78 00 00 40 03 01 00  01 00 20 00 02 00 5f 66
6d 61 78 00 00 00 00 00  00 00 00 00 00 00 69 01
1e 00 00 00 03 00 00 00  00 00 00 00 00 00 00 00
00 00 5f 5f 43 49 6c 6f  67 00 24 10 00 00 01 00
20 00 02 00 00 00 00 00  37 09 00 00 e0 b7 00 00
01 00 20 00 02 00 00 00  00 00 61 0b 00 00 80 7d
01 00 03 00 00 00 02 00  5f 5f 79 6e 00 00 00 00
d0 69 00 00 01 00 20 00  02 00 5f 5f 66 6d 6f 64
66 00 b0 3f 00 00 01 00  20 00 02 00 5f 66 6d 6f
64 66 00 00 00 00 00 00  00 00 00 00 69 01 25 00
00 00 03 00 00 00 00 00  00 00 00 00 00 00 00 00
5f 5f 73 69 6e 68 66 00  90 b0 00 00 01 00 20 00
02 00 5f 5f 6c 6f 67 00  00 00 10 83 00 00 01 00
20 00 02 00 00 00 00 00  fc 07 00 00 58 6e 01 00
03 00 00 00 02 00 5f 5f  66 61 62 73 00 00 f0 fe
00 00 01 00 20 00 02 00  5f 66 61 62 73 00 00 00
00 00 00 00 00 00 00 00  69 01 2b 00 00 00 03 00
00 00 00 00 00 00 00 00  00 00 00 00 00 00 00 00
87 0d 00 00 00 1f 01 00  01 00 20 00 02 00 00 00
00 00 7c 06 00 00 a0 63  01 00 03 00 00 00 02 00
5f 5f 61 63 6f 73 68 00  80 23 00 00 01 00 20 00
02 00 00 00 00 00 6a 08  00 00 68 70 01 00 03 00
00 00 02 00 5f 5f 73 63  61 6c 62 00 10 ad 00 00
01 00 20 00 02 00 5f 73  63 61 6c 62 00 00 00 00
00 00 00 00 00 00 69 01  32 00 00 00 03 00 00 00
00 00 00 00 00 00 00 00  00 00 00 00 00 00 1e 0c
00 00 18 83 01 00 03 00  00 00 02 00 5f 5f 61 74
61 6e 68 66 60 32 00 00  01 00 20 00 02 00 5f 61
74 61 6e 68 66 00 00 00  00 00 00 00 00 00 69 01
36 00 00 00 03 00 00 00  00 00 00 00 00 00 00 00
00 00 5f 61 63 6f 73 68  00 00 00 00 00 00 00 00
00 00 69 01 30 00 00 00  03 00 00 00 00 00 00 00
00 00 00 00 00 00 00 00  00 00 71 0b 00 00 10 d1
00 00 01 00 20 00 02 00  00 00 00 00 59 0d 00 00
90 15 01 00 01 00 20 00  02 00 00 00 00 00 c7 0c
00 00 d0 09 01 00 01 00  20 00 02 00 5f 5f 69 6c
6f 67 62 00 60 07 01 00  01 00 20 00 02 00 5f 5f
63 62 72 74 00 00 e0 dd  00 00 01 00 20 00 02 00
5f 63 62 72 74 00 00 00  00 00 00 00 00 00 00 00
69 01 3f 00 00 00 03 00  00 00 00 00 00 00 00 00
00 00 00 00 5f 5f 61 74  61 6e 32 00 e0 2a 00 00
01 00 20 00 02 00 00 00  00 00 b4 07 00 00 a0 6a
01 00 03 00 00 00 02 00  5f 5f 6c 6f 67 31 30 00
e0 85 00 00 01 00 20 00  02 00 5f 6c 6f 67 31 30
00 00 00 00 00 00 00 00  00 00 69 01 44 00 00 00
03 00 00 00 00 00 00 00  00 00 00 00 00 00 00 00
00 00 e5 04 00 00 88 61  01 00 03 00 00 00 02 00
5f 5f 69 73 6e 61 6e 00  00 00 00 00 00 00 20 00
02 00 5f 5f 73 63 61 6c  62 6e f0 1b 01 00 01 00
20 00 02 00 5f 5f 79 30  66 00 00 00 d0 52 00 00
01 00 20 00 02 00 5f 5f  6a 6e 66 00 00 00 a0 6c
00 00 01 00 20 00 02 00  5f 6a 6e 66 00 00 00 00
00 00 00 00 00 00 00 00  69 01 4b 00 00 00 03 00
00 00 00 00 00 00 00 00  00 00 00 00 5f 5f 65 78
70 66 00 00 c0 38 00 00  01 00 20 00 02 00 5f 65
78 70 66 00 00 00 00 00  00 00 00 00 00 00 69 01
4e 00 00 00 03 00 00 00  00 00 00 00 00 00 00 00
00 00 00 00 00 00 c5 03  00 00 28 61 01 00 03 00
00 00 02 00 5f 5f 6d 6f  64 66 00 00 e0 12 01 00
01 00 20 00 02 00 5f 6d  6f 64 66 00 00 00 00 00
00 00 00 00 00 00 69 01  52 00 00 00 03 00 00 00
00 00 00 00 00 00 00 00  00 00 00 00 00 00 d6 01
00 00 b0 e3 00 00 01 00  20 00 02 00 00 00 00 00
67 0e 00 00 00 00 00 00  00 00 00 00 69 01 55 00
00 00 03 00 00 00 00 00  00 00 00 00 00 00 00 00
5f 5f 63 65 69 6c 00 00  10 e1 00 00 01 00 20 00
02 00 5f 63 65 69 6c 00  00 00 00 00 00 00 00 00
00 00 69 01 58 00 00 00  03 00 00 00 00 00 00 00
00 00 00 00 00 00 5f 5f  74 72 75 6e 63 66 90 26
01 00 01 00 20 00 02 00  5f 5f 66 6d 69 6e 00 00
90 04 01 00 01 00 20 00  02 00 5f 66 6d 69 6e 00
00 00 00 00 00 00 00 00  00 00 69 01 5c 00 00 00
03 00 00 00 00 00 00 00  00 00 00 00 00 00 00 00
00 00 53 09 00 00 b0 7a  00 00 01 00 20 00 02 00
5f 6c 67 61 6d 6d 61 66  00 00 00 00 00 00 00 00
69 01 5f 00 00 00 03 00  00 00 00 00 00 00 00 00
00 00 00 00 00 00 00 00  d4 09 00 00 58 74 01 00
03 00 00 00 02 00 00 00  00 00 7c 0d 00 00 d0 1b
01 00 01 00 20 00 02 00  00 00 00 00 84 10 00 00
00 00 00 00 00 00 00 00  69 01 63 00 00 00 03 00
00 00 00 00 00 00 00 00  00 00 00 00 5f 5f 6a 31
66 00 00 00 00 5e 00 00  01 00 20 00 02 00 5f 6a
31 66 00 00 00 00 00 00  00 00 00 00 00 00 69 01
66 00 00 00 03 00 00 00  00 00 00 00 00 00 00 00
00 00 5f 5f 70 6f 77 00  00 00 f0 8a 00 00 01 00
20 00 02 00 5f 5f 66 72  65 78 70 00 e0 05 01 00
01 00 20 00 02 00 5f 5f  64 72 65 6d 66 00 80 27
01 00 01 00 20 00 02 00  00 00 00 00 b5 06 00 00
c8 63 01 00 03 00 00 00  02 00 5f 5f 43 49 70 6f
77 00 0f 10 00 00 01 00  20 00 02 00 00 00 00 00
32 07 00 00 f0 71 00 00  01 00 20 00 02 00 5f 5f
6a 6e 00 00 00 00 60 64  00 00 01 00 20 00 02 00
5f 5f 79 30 00 00 00 00  f0 4b 00 00 01 00 20 00
02 00 00 00 00 00 75 02  00 00 b8 60 01 00 03 00
00 00 02 00 00 00 00 00  1a 0d 00 00 78 84 01 00
03 00 00 00 02 00 00 00  00 00 ad 03 00 00 20 61
01 00 03 00 00 00 02 00  5f 73 63 61 6c 62 6e 00
00 00 00 00 00 00 00 00  69 01 49 00 00 00 03 00
00 00 00 00 00 00 00 00  00 00 00 00 5f 5f 63 62
72 74 66 00 d0 df 00 00  01 00 20 00 02 00 5f 63
62 72 74 66 00 00 00 00  00 00 00 00 00 00 69 01
76 00 00 00 03 00 00 00  00 00 00 00 00 00 00 00
00 00 5f 5f 65 72 66 00  00 00 60 e6 00 00 01 00
20 00 02 00 5f 65 72 66  00 00 00 00 00 00 00 00
00 00 00 00 69 01 79 00  00 00 03 00 00 00 00 00
00 00 00 00 00 00 00 00  00 00 00 00 5d 09 00 00
d8 73 01 00 03 00 00 00  02 00 5f 5f 61 74 61 6e
66 00 c0 db 00 00 01 00  20 00 02 00 5f 61 74 61
6e 66 00 00 00 00 00 00  00 00 00 00 69 01 7d 00
00 00 03 00 00 00 00 00  00 00 00 00 00 00 00 00
5f 6c 6f 67 62 00 00 00  00 00 00 00 00 00 00 00
69 01 15 00 00 00 03 00  00 00 00 00 00 00 00 00
00 00 00 00 5f 5f 6c 6f  67 31 30 66 20 87 00 00
01 00 20 00 02 00 00 00  00 00 c5 09 00 00 50 d0
00 00 01 00 20 00 02 00  5f 5f 67 61 6d 6d 61 00
30 42 00 00 01 00 20 00  02 00 5f 67 61 6d 6d 61
00 00 00 00 00 00 00 00  00 00 69 01 84 00 00 00
03 00 00 00 00 00 00 00  00 00 00 00 00 00 00 00
00 00 46 0a 00 00 e0 a5  00 00 01 00 20 00 02 00
5f 5f 61 74 61 6e 68 00  40 31 00 00 01 00 20 00
02 00 5f 61 74 61 6e 68  00 00 00 00 00 00 00 00
00 00 69 01 88 00 00 00  03 00 00 00 00 00 00 00
00 00 00 00 00 00 5f 5f  63 6f 73 68 66 00 d0 34
00 00 01 00 20 00 02 00  5f 63 6f 73 68 66 00 00
00 00 00 00 00 00 00 00  69 01 8b 00 00 00 03 00
00 00 00 00 00 00 00 00  00 00 00 00 00 00 00 00
07 09 00 00 c0 72 01 00  03 00 00 00 02 00 00 00
00 00 45 05 00 00 a8 61  01 00 03 00 00 00 02 00
00 00 00 00 1f 09 00 00  c8 72 01 00 03 00 00 00
02 00 00 00 00 00 91 00  00 00 ab 10 00 00 01 00
20 00 02 00 5f 5f 66 6d  61 78 66 00 f0 03 01 00
01 00 20 00 02 00 00 00  00 00 fa 0a 00 00 70 b7
00 00 01 00 20 00 02 00  5f 5f 6c 64 65 78 70 66
f0 0a 01 00 01 00 20 00  02 00 5f 5f 43 49 61 74
61 6e 9c 10 00 00 01 00  20 00 02 00 5f 5f 66 69
6e 69 74 65 40 00 01 00  01 00 20 00 02 00 5f 66
69 6e 69 74 65 00 00 00  00 00 00 00 00 00 69 01
96 00 00 00 03 00 00 00  00 00 00 00 00 00 00 00
00 00 5f 73 69 6e 68 66  00 00 00 00 00 00 00 00
00 00 69 01 28 00 00 00  03 00 00 00 00 00 00 00
00 00 00 00 00 00 5f 5f  6d 6f 64 66 66 00 90 14
01 00 01 00 20 00 02 00  00 00 00 00 95 03 00 00
18 61 01 00 03 00 00 00  02 00 5f 5f 64 72 65 6d
00 00 60 27 01 00 01 00  20 00 02 00 5f 64 72 65
6d 00 00 00 00 00 00 00  00 00 00 00 69 01 9d 00
00 00 03 00 00 00 00 00  00 00 00 00 00 00 00 00
5f 6a 31 00 00 00 00 00  00 00 00 00 00 00 00 00
69 01 07 00 00 00 03 00  00 00 00 00 00 00 00 00
00 00 00 00 5f 5f 67 61  6d 6d 61 66 70 42 00 00
01 00 20 00 02 00 00 00  00 00 fd 04 00 00 90 61
01 00 03 00 00 00 02 00  00 00 00 00 d0 0a 00 00
70 00 01 00 01 00 20 00  02 00 00 00 00 00 0a 0d
00 00 70 84 01 00 03 00  00 00 02 00 5f 5f 66 6c
6f 6f 72 00 a0 00 01 00  01 00 20 00 02 00 00 00
00 00 c4 07 00 00 a8 6a  01 00 03 00 00 00 02 00
00 00 00 00 4c 00 00 00  33 10 00 00 01 00 20 00
02 00 5f 66 6d 61 78 66  00 00 00 00 00 00 00 00
00 00 69 01 92 00 00 00  03 00 00 00 00 00 00 00
00 00 00 00 00 00 5f 5f  69 73 69 6e 66 66 40 09
01 00 01 00 20 00 02 00  5f 69 73 69 6e 66 66 00
00 00 00 00 00 00 00 00  69 01 ab 00 00 00 03 00
00 00 00 00 00 00 00 00  00 00 00 00 00 00 00 00
55 04 00 00 58 61 01 00  03 00 00 00 02 00 5f 5f
6c 6f 67 62 66 00 70 12  01 00 01 00 20 00 02 00
5f 5f 61 63 6f 73 66 00  c0 20 00 00 01 00 20 00
02 00 5f 61 63 6f 73 66  00 00 00 00 00 00 00 00
00 00 69 01 b0 00 00 00  03 00 00 00 00 00 00 00
00 00 00 00 00 00 00 00  00 00 8e 08 00 00 80 70
01 00 03 00 00 00 02 00  00 00 00 00 2b 01 00 00
10 11 00 00 01 00 20 00  02 00 5f 5f 74 67 61 6d
6d 61 b0 14 00 00 01 00  20 00 02 00 5f 5f 66 61
62 73 66 00 30 ff 00 00  01 00 20 00 02 00 5f 66
61 62 73 66 00 00 00 00  00 00 00 00 00 00 69 01
b6 00 00 00 03 00 00 00  00 00 00 00 00 00 00 00
00 00 5f 5f 43 49 73 71  72 74 00 10 00 00 01 00
20 00 02 00 5f 5f 73 69  6e 68 00 00 10 af 00 00
01 00 20 00 02 00 5f 73  69 6e 68 00 00 00 00 00
00 00 00 00 00 00 69 01  ba 00 00 00 03 00 00 00
00 00 00 00 00 00 00 00  00 00 5f 5f 69 73 6e 61
6e 66 80 09 01 00 01 00  20 00 02 00 5f 69 73 6e
61 6e 66 00 00 00 00 00  00 00 00 00 69 01 bd 00
00 00 03 00 00 00 00 00  00 00 00 00 00 00 00 00
5f 79 30 00 00 00 00 00  00 00 00 00 00 00 00 00
69 01 70 00 00 00 03 00  00 00 00 00 00 00 00 00
00 00 00 00 5f 5f 61 73  69 6e 68 66 40 d8 00 00
01 00 20 00 02 00 5f 5f  63 6f 73 68 00 00 60 33
00 00 01 00 20 00 02 00  00 00 00 00 de 0b 00 00
10 e4 00 00 01 00 20 00  02 00 00 00 00 00 71 0e
00 00 00 00 00 00 00 00  00 00 69 01 c4 00 00 00
03 00 00 00 00 00 00 00  00 00 00 00 00 00 00 00
00 00 52 08 00 00 60 70  01 00 03 00 00 00 02 00
00 00 00 00 a5 02 00 00  c8 60 01 00 03 00 00 00
02 00 00 00 00 00 21 0b  00 00 20 7d 01 00 03 00
00 00 02 00 00 00 00 00  6d 04 00 00 60 61 01 00
03 00 00 00 02 00 00 00  00 00 4d 01 00 00 58 60
01 00 03 00 00 00 02 00  5f 5f 74 61 6e 68 66 00
30 24 01 00 01 00 20 00  02 00 5f 74 61 6e 68 66
00 00 00 00 00 00 00 00  00 00 69 01 cc 00 00 00
03 00 00 00 00 00 00 00  00 00 00 00 00 00 00 00
00 00 d7 08 00 00 b0 72  01 00 03 00 00 00 02 00
00 00 00 00 5b 0a 00 00  e0 c4 00 00 01 00 20 00
02 00 5f 5f 6c 6f 67 31  70 66 b0 0e 01 00 01 00
20 00 02 00 5f 6c 6f 67  31 70 66 00 00 00 00 00
00 00 00 00 69 01 d1 00  00 00 03 00 00 00 00 00
00 00 00 00 00 00 00 00  00 00 00 00 51 07 00 00
d0 7a 00 00 01 00 20 00  02 00 00 00 00 00 be 08
00 00 98 70 01 00 03 00  00 00 02 00 5f 5f 66 6d
69 6e 66 00 40 05 01 00  01 00 20 00 02 00 5f 66
6d 69 6e 66 00 00 00 00  00 00 00 00 00 00 69 01
d6 00 00 00 03 00 00 00  00 00 00 00 00 00 00 00
00 00 5f 74 67 61 6d 6d  61 00 00 00 00 00 00 00
00 00 69 01 b5 00 00 00  03 00 00 00 00 00 00 00
00 00 00 00 00 00 5f 64  72 65 6d 66 00 00 00 00
00 00 00 00 00 00 69 01  6b 00 00 00 03 00 00 00
00 00 00 00 00 00 00 00  00 00 00 00 00 00 9d 09
00 00 f8 73 01 00 03 00  00 00 02 00 00 00 00 00
ac 0d 00 00 80 1f 01 00  01 00 20 00 02 00 00 00
00 00 8d 02 00 00 c0 60  01 00 03 00 00 00 02 00
00 00 00 00 46 07 00 00  90 42 00 00 01 00 20 00
02 00 00 00 00 00 5b 0f  00 00 00 00 00 00 00 00
00 00 69 01 e0 00 00 00  03 00 00 00 00 00 00 00
00 00 00 00 00 00 5f 5f  65 78 70 00 00 00 10 36
00 00 01 00 20 00 02 00  5f 5f 43 49 73 69 6e 00
51 10 00 00 01 00 20 00  02 00 5f 6c 6f 67 62 66
00 00 00 00 00 00 00 00  00 00 69 01 af 00 00 00
03 00 00 00 00 00 00 00  00 00 00 00 00 00 00 00
00 00 bd 02 00 00 d0 60  01 00 03 00 00 00 02 00
5f 5f 6a 30 66 00 00 00  90 50 00 00 01 00 20 00
02 00 5f 6a 30 66 00 00  00 00 00 00 00 00 00 00
00 00 69 01 e8 00 00 00  03 00 00 00 00 00 00 00
00 00 00 00 00 00 5f 5f  61 74 61 6e 00 00 80 d9
00 00 01 00 20 00 02 00  5f 61 74 61 6e 00 00 00
00 00 00 00 00 00 00 00  69 01 eb 00 00 00 03 00
00 00 00 00 00 00 00 00  00 00 00 00 5f 6a 6e 00
00 00 00 00 00 00 00 00  00 00 00 00 69 01 6f 00
00 00 03 00 00 00 00 00  00 00 00 00 00 00 00 00
00 00 00 00 cd 04 00 00  80 61 01 00 03 00 00 00
02 00 00 00 00 00 15 05  00 00 98 61 01 00 03 00
00 00 02 00 5f 5f 73 71  72 74 00 00 d0 b1 00 00
01 00 20 00 02 00 5f 5f  66 72 65 78 70 66 b0 06
01 00 01 00 20 00 02 00  5f 5f 6c 6f 67 31 70 00
60 0b 01 00 01 00 20 00  02 00 00 00 00 00 65 0d
00 00 90 17 01 00 01 00  20 00 02 00 00 00 00 00
31 10 00 00 00 00 00 00  00 00 00 00 69 01 f5 00
00 00 03 00 00 00 00 00  00 00 00 00 00 00 00 00
00 00 00 00 3a 08 00 00  58 70 01 00 03 00 00 00
02 00 5f 66 72 65 78 70  00 00 00 00 00 00 00 00
00 00 69 01 6a 00 00 00  03 00 00 00 00 00 00 00
00 00 00 00 00 00 5f 5f  73 71 72 74 66 00 30 b5
00 00 01 00 20 00 02 00  5f 73 71 72 74 66 00 00
00 00 00 00 00 00 00 00  69 01 fb 00 00 00 03 00
00 00 00 00 00 00 00 00  00 00 00 00 00 00 00 00
2d 02 00 00 90 60 01 00  03 00 00 00 02 00 00 00
00 00 f5 09 00 00 d0 74  01 00 03 00 00 00 02 00
00 00 00 00 1e 07 00 00  50 42 00 00 01 00 20 00
02 00 5f 67 61 6d 6d 61  5f 72 00 00 00 00 00 00
00 00 69 01 00 01 00 00  03 00 00 00 00 00 00 00
00 00 00 00 00 00 5f 6c  6f 67 31 70 00 00 00 00
00 00 00 00 00 00 69 01  f4 00 00 00 03 00 00 00
00 00 00 00 00 00 00 00  00 00 00 00 00 00 15 0a
00 00 90 1d 01 00 01 00  20 00 02 00 5f 73 63 61
6c 62 6e 66 00 00 00 00  00 00 00 00 69 01 05 01
00 00 03 00 00 00 00 00  00 00 00 00 00 00 00 00
00 00 00 00 8d 05 00 00  c0 61 01 00 03 00 00 00
02 00 5f 72 69 6e 74 66  00 00 00 00 00 00 00 00
00 00 69 01 18 00 00 00  03 00 00 00 00 00 00 00
00 00 00 00 00 00 00 00  00 00 20 08 00 00 30 70
01 00 03 00 00 00 02 00  5f 5f 61 63 6f 73 68 66
a0 24 00 00 01 00 20 00  02 00 5f 61 63 6f 73 68
66 00 00 00 00 00 00 00  00 00 69 01 0c 01 00 00
03 00 00 00 00 00 00 00  00 00 00 00 00 00 5f 5f
66 64 69 6d 66 00 e0 ff  00 00 01 00 20 00 02 00
5f 66 64 69 6d 66 00 00  00 00 00 00 00 00 00 00
69 01 0f 01 00 00 03 00  00 00 00 00 00 00 00 00
00 00 00 00 5f 5f 43 49  61 73 69 6e 7e 10 00 00
01 00 20 00 02 00 00 00  00 00 f2 0c 00 00 38 84
01 00 03 00 00 00 02 00  00 00 00 00 2b 06 00 00
98 62 01 00 03 00 00 00  02 00 5f 5f 65 72 66 63
00 00 60 ea 00 00 01 00  20 00 02 00 00 00 00 00
1b 06 00 00 90 62 01 00  03 00 00 00 02 00 00 00
00 00 45 09 00 00 90 cf  00 00 01 00 20 00 02 00
5f 5f 61 73 69 6e 68 00  e0 d6 00 00 01 00 20 00
02 00 5f 61 73 69 6e 68  00 00 00 00 00 00 00 00
00 00 69 01 18 01 00 00  03 00 00 00 00 00 00 00
00 00 00 00 00 00 00 00  00 00 c5 0f 00 00 00 00
00 00 00 00 00 00 69 01  6e 00 00 00 03 00 00 00
00 00 00 00 00 00 00 00  00 00 00 00 00 00 7f 0b
00 00 60 7e 01 00 03 00  00 00 02 00 00 00 00 00
fd 01 00 00 80 60 01 00  03 00 00 00 02 00 5f 61
73 69 6e 00 00 00 00 00  00 00 00 00 00 00 69 01
16 00 00 00 03 00 00 00  00 00 00 00 00 00 00 00
00 00 00 00 00 00 72 0d  00 00 b0 1b 01 00 01 00
20 00 02 00 00 00 00 00  6d 09 00 00 e0 73 01 00
03 00 00 00 02 00 5f 5f  61 63 6f 73 00 00 f0 1d
00 00 01 00 20 00 02 00  5f 5f 79 31 00 00 00 00
70 59 00 00 01 00 20 00  02 00 5f 5f 69 6c 6f 67
62 66 40 08 01 00 01 00  20 00 02 00 5f 69 6c 6f
67 62 66 00 00 00 00 00  00 00 00 00 69 01 25 01
00 00 03 00 00 00 00 00  00 00 00 00 00 00 00 00
00 00 00 00 28 07 00 00  10 c0 01 00 06 00 00 00
02 00 5f 73 69 67 6e 67  61 6d 00 00 00 00 00 00
00 00 69 01 28 01 00 00  03 00 00 00 00 00 00 00
00 00 00 00 00 00 00 00  00 00 35 01 00 00 50 60
01 00 03 00 00 00 02 00  00 00 00 00 ad 09 00 00
f0 b8 00 00 01 00 20 00  02 00 00 00 00 00 f3 01
00 00 b0 12 00 00 01 00  20 00 02 00 00 00 00 00
8d 09 00 00 f0 73 01 00  03 00 00 00 02 00 5f 5f
73 69 6e 66 00 00 d0 20  01 00 01 00 20 00 02 00
5f 5f 74 61 6e 66 00 00  60 22 01 00 01 00 20 00
02 00 5f 74 61 6e 66 00  00 00 00 00 00 00 00 00
00 00 69 01 30 01 00 00  03 00 00 00 00 00 00 00
00 00 00 00 00 00 00 00  00 00 39 0b 00 00 28 7d
01 00 03 00 00 00 02 00  5f 61 74 61 6e 32 66 00
00 00 00 00 00 00 00 00  69 01 0c 00 00 00 03 00
00 00 00 00 00 00 00 00  00 00 00 00 00 00 00 00
35 03 00 00 f8 60 01 00  03 00 00 00 02 00 5f 5f
65 72 66 63 66 00 90 f2  00 00 01 00 20 00 02 00
5f 6c 6f 67 31 30 66 00  00 00 00 00 00 00 00 00
69 01 82 00 00 00 03 00  00 00 00 00 00 00 00 00
00 00 00 00 5f 5f 73 69  6e 00 00 00 b0 1f 01 00
01 00 20 00 02 00 5f 5f  79 31 66 00 00 00 00 60
00 00 01 00 20 00 02 00  5f 5f 43 49 74 61 6e 68
de 10 00 00 01 00 20 00  02 00 00 00 00 00 33 0a
00 00 00 ba 00 00 01 00  20 00 02 00 00 00 00 00
97 0b 00 00 f0 d3 00 00  01 00 20 00 02 00 5f 65
72 66 63 66 00 00 00 00  00 00 00 00 00 00 69 01
37 01 00 00 03 00 00 00  00 00 00 00 00 00 00 00
00 00 00 00 00 00 5d 02  00 00 b0 60 01 00 03 00
00 00 02 00 5f 61 63 6f  73 00 00 00 00 00 00 00
00 00 00 00 69 01 23 01  00 00 03 00 00 00 00 00
00 00 00 00 00 00 00 00  00 00 00 00 d8 0f 00 00
00 00 00 00 00 00 00 00  69 01 d4 00 00 00 03 00
00 00 00 00 00 00 00 00  00 00 00 00 5f 5f 43 49
61 63 6f 73 8d 10 00 00  01 00 20 00 02 00 00 00
00 00 2d 05 00 00 a0 61  01 00 03 00 00 00 02 00
00 00 00 00 b8 0a 00 00  18 7c 01 00 03 00 00 00
02 00 5f 5f 74 72 75 6e  63 00 60 25 01 00 01 00
20 00 02 00 00 00 00 00  eb 0a 00 00 00 b7 00 00
01 00 20 00 02 00 5f 61  73 69 6e 68 66 00 00 00
00 00 00 00 00 00 69 01  c2 00 00 00 03 00 00 00
00 00 00 00 00 00 00 00  00 00 5f 5f 6c 67 61 6d
6d 61 d0 71 00 00 01 00  20 00 02 00 5f 5f 65 78
70 6d 31 00 c0 f6 00 00  01 00 20 00 02 00 00 00
00 00 3a 0d 00 00 80 84  01 00 03 00 00 00 02 00
5f 79 6e 00 00 00 00 00  00 00 00 00 00 00 00 00
69 01 24 00 00 00 03 00  00 00 00 00 00 00 00 00
00 00 00 00 5f 5f 68 79  70 6f 74 00 b0 42 00 00
01 00 20 00 02 00 5f 68  79 70 6f 74 00 00 00 00
00 00 00 00 00 00 69 01  52 01 00 00 03 00 00 00
00 00 00 00 00 00 00 00  00 00 00 00 00 00 65 01
00 00 60 60 01 00 03 00  00 00 02 00 00 00 00 00
65 03 00 00 08 61 01 00  03 00 00 00 02 00 00 00
00 00 05 03 00 00 e8 60  01 00 03 00 00 00 02 00
00 00 00 00 94 06 00 00  a8 63 01 00 03 00 00 00
02 00 00 00 00 00 e1 01  00 00 00 00 00 00 00 00
20 00 02 00 00 00 00 00  5d 05 00 00 b0 61 01 00
03 00 00 00 02 00 00 00  00 00 d3 0c 00 00 20 0a
01 00 01 00 20 00 02 00  5f 6c 67 61 6d 6d 61 00
00 00 00 00 00 00 00 00  69 01 4d 01 00 00 03 00
00 00 00 00 00 00 00 00  00 00 00 00 00 00 00 00
15 02 00 00 88 60 01 00  03 00 00 00 02 00 5f 79
31 66 00 00 00 00 00 00  00 00 00 00 00 00 69 01
3b 01 00 00 03 00 00 00  00 00 00 00 00 00 00 00
00 00 5f 5f 43 49 66 6d  6f 64 ed 10 00 00 01 00
20 00 02 00 5f 65 78 70  00 00 00 00 00 00 00 00
00 00 00 00 69 01 e3 00  00 00 03 00 00 00 00 00
00 00 00 00 00 00 00 00  5f 5f 6c 6f 67 66 00 00
40 88 00 00 01 00 20 00  02 00 00 00 00 00 75 05
00 00 b8 61 01 00 03 00  00 00 02 00 00 00 00 00
2e 0c 00 00 80 83 01 00  03 00 00 00 02 00 5f 5f
73 63 61 6c 62 66 20 ae  00 00 01 00 20 00 02 00
5f 73 63 61 6c 62 66 00  00 00 00 00 00 00 00 00
69 01 67 01 00 00 03 00  00 00 00 00 00 00 00 00
00 00 00 00 00 00 00 00  b5 04 00 00 78 61 01 00
03 00 00 00 02 00 5f 5f  61 73 69 6e 66 00 50 28
00 00 01 00 20 00 02 00  5f 61 73 69 6e 66 00 00
00 00 00 00 00 00 00 00  69 01 6b 01 00 00 03 00
00 00 00 00 00 00 00 00  00 00 00 00 00 00 00 00
ad 01 00 00 78 60 01 00  03 00 00 00 02 00 00 00
00 00 7b 0a 00 00 90 ab  00 00 01 00 20 00 02 00
00 00 00 00 dd 03 00 00  30 61 01 00 03 00 00 00
02 00 5f 6c 6f 67 00 00  00 00 00 00 00 00 00 00
00 00 69 01 29 00 00 00  03 00 00 00 00 00 00 00
00 00 00 00 00 00 00 00  00 00 0b 06 00 00 88 62
01 00 03 00 00 00 02 00  5f 5f 63 6f 73 66 00 00
80 e5 00 00 01 00 20 00  02 00 5f 63 6f 73 66 00
00 00 00 00 00 00 00 00  00 00 69 01 74 01 00 00
03 00 00 00 00 00 00 00  00 00 00 00 00 00 00 00
00 00 c5 06 00 00 d0 63  01 00 03 00 00 00 02 00
00 00 00 00 85 04 00 00  68 61 01 00 03 00 00 00
02 00 5f 66 69 6e 69 74  65 66 00 00 00 00 00 00
00 00 69 01 a4 00 00 00  03 00 00 00 00 00 00 00
00 00 00 00 00 00 5f 66  64 69 6d 00 00 00 00 00
00 00 00 00 00 00 69 01  11 00 00 00 03 00 00 00
00 00 00 00 00 00 00 00  00 00 5f 6c 6f 67 66 00
00 00 00 00 00 00 00 00  00 00 69 01 64 01 00 00
03 00 00 00 00 00 00 00  00 00 00 00 00 00 5f 6c
64 65 78 70 66 00 00 00  00 00 00 00 00 00 69 01
94 00 00 00 03 00 00 00  00 00 00 00 00 00 00 00
00 00 5f 5f 43 49 63 6f  73 68 cf 10 00 00 01 00
20 00 02 00 00 00 00 00  9e 0d 00 00 40 1f 01 00
01 00 20 00 02 00 00 00  00 00 d4 07 00 00 b0 6a
01 00 03 00 00 00 02 00  00 00 00 00 d5 02 00 00
d8 60 01 00 03 00 00 00  02 00 5f 74 72 75 6e 63
00 00 00 00 00 00 00 00  00 00 69 01 49 01 00 00
03 00 00 00 00 00 00 00  00 00 00 00 00 00 5f 5f
65 72 66 66 00 00 90 ee  00 00 01 00 20 00 02 00
5f 65 72 66 66 00 00 00  00 00 00 00 00 00 00 00
69 01 87 01 00 00 03 00  00 00 00 00 00 00 00 00
00 00 00 00 5f 73 71 72  74 00 00 00 00 00 00 00
00 00 00 00 69 01 f2 00  00 00 03 00 00 00 00 00
00 00 00 00 00 00 00 00  5f 5f 63 65 69 6c 66 00
c0 e2 00 00 01 00 20 00  02 00 5f 5f 79 6e 66 00
00 00 50 70 00 00 01 00  20 00 02 00 5f 79 6e 66
00 00 00 00 00 00 00 00  00 00 00 00 69 01 8d 01
00 00 03 00 00 00 00 00  00 00 00 00 00 00 00 00
5f 79 30 66 00 00 00 00  00 00 00 00 00 00 00 00
69 01 4a 00 00 00 03 00  00 00 00 00 00 00 00 00
00 00 00 00 00 00 00 00  ae 08 00 00 90 70 01 00
03 00 00 00 02 00 5f 63  65 69 6c 66 00 00 00 00
00 00 00 00 00 00 69 01  8c 01 00 00 03 00 00 00
00 00 00 00 00 00 00 00  00 00 5f 5f 6c 64 65 78
70 00 70 0a 01 00 01 00  20 00 02 00 5f 5f 43 49
63 6f 73 00 60 10 00 00  01 00 20 00 02 00 5f 73
69 6e 66 00 00 00 00 00  00 00 00 00 00 00 69 01
2f 01 00 00 03 00 00 00  00 00 00 00 00 00 00 00
00 00 00 00 00 00 6f 0a  00 00 d0 a9 00 00 01 00
20 00 02 00 00 00 00 00  48 10 00 00 00 00 00 00
00 00 00 00 69 01 99 01  00 00 03 00 00 00 00 00
00 00 00 00 00 00 00 00  5f 6d 6f 64 66 66 00 00
00 00 00 00 00 00 00 00  69 01 9b 00 00 00 03 00
00 00 00 00 00 00 00 00  00 00 00 00 5f 6c 64 65
78 70 00 00 00 00 00 00  00 00 00 00 69 01 95 01
00 00 03 00 00 00 00 00  00 00 00 00 00 00 00 00
5f 79 31 00 00 00 00 00  00 00 00 00 00 00 00 00
69 01 24 01 00 00 03 00  00 00 00 00 00 00 00 00
00 00 00 00 5f 5f 63 6f  73 00 00 00 60 e4 00 00
01 00 20 00 02 00 5f 63  6f 73 00 00 00 00 00 00
00 00 00 00 00 00 69 01  a2 01 00 00 03 00 00 00
00 00 00 00 00 00 00 00  00 00 5f 5f 74 61 6e 68
00 00 f0 22 01 00 01 00  20 00 02 00 5f 74 61 6e
68 00 00 00 00 00 00 00  00 00 00 00 69 01 a5 01
00 00 03 00 00 00 00 00  00 00 00 00 00 00 00 00
5f 70 6f 77 00 00 00 00  00 00 00 00 00 00 00 00
69 01 69 00 00 00 03 00  00 00 00 00 00 00 00 00
00 00 00 00 5f 73 69 6e  00 00 00 00 00 00 00 00
00 00 00 00 69 01 3a 01  00 00 03 00 00 00 00 00
00 00 00 00 00 00 00 00  5f 74 72 75 6e 63 66 00
00 00 00 00 00 00 00 00  69 01 5b 00 00 00 03 00
00 00 00 00 00 00 00 00  00 00 00 00 00 00 00 00
51 0b 00 00 78 7d 01 00  03 00 00 00 02 00 5f 66
72 65 78 70 66 00 00 00  00 00 00 00 00 00 69 01
f3 00 00 00 03 00 00 00  00 00 00 00 00 00 00 00
00 00 5f 65 72 66 63 00  00 00 00 00 00 00 00 00
00 00 69 01 15 01 00 00  03 00 00 00 00 00 00 00
00 00 00 00 00 00 5f 5f  72 69 6e 74 00 00 00 19
01 00 01 00 20 00 02 00  00 00 00 00 b5 10 00 00
00 00 00 00 00 00 00 00  69 01 de 00 00 00 03 00
00 00 00 00 00 00 00 00  00 00 00 00 00 00 00 00
7d 01 00 00 68 60 01 00  03 00 00 00 02 00 00 00
00 00 90 07 00 00 c8 68  01 00 03 00 00 00 02 00
00 00 00 00 9e 08 00 00  88 70 01 00 03 00 00 00
02 00 00 00 00 00 1f 0a  00 00 a0 a1 00 00 01 00
20 00 02 00 00 00 00 00  a6 0b 00 00 a8 7e 01 00
03 00 00 00 02 00 00 00  00 00 ed 02 00 00 e0 60
01 00 03 00 00 00 02 00  00 00 00 00 1c 00 00 00
00 a0 01 00 ff ff 00 00  02 00 00 00 00 00 4d 03
00 00 00 61 01 00 03 00  00 00 02 00 5f 5f 43 49
74 61 6e 00 6f 10 00 00  01 00 20 00 02 00 5f 65
78 70 6d 31 00 00 00 00  00 00 00 00 00 00 69 01
4e 01 00 00 03 00 00 00  00 00 00 00 00 00 00 00
00 00 00 00 00 00 9d 04  00 00 70 61 01 00 03 00
00 00 02 00 00 00 00 00  d5 05 00 00 d8 61 01 00
03 00 00 00 02 00 5f 67  61 6d 6d 61 66 00 00 00
00 00 00 00 00 00 69 01  a2 00 00 00 03 00 00 00
00 00 00 00 00 00 00 00  00 00 5f 66 6d 6f 64 00
00 00 00 00 00 00 00 00  00 00 69 01 1c 00 00 00
03 00 00 00 00 00 00 00  00 00 00 00 00 00 00 00
00 00 88 0a 00 00 10 7c  01 00 03 00 00 00 02 00
00 00 00 00 3d 04 00 00  50 61 01 00 03 00 00 00
02 00 00 00 00 00 a5 0c  00 00 e0 08 01 00 01 00
20 00 02 00 5f 5f 43 49  65 78 70 00 42 10 00 00
01 00 20 00 02 00 00 00  00 00 a5 05 00 00 c8 61
01 00 03 00 00 00 02 00  5f 5f 66 74 6f 6c 32 00
00 00 00 00 00 00 20 00  02 00 00 00 00 00 1d 03
00 00 f0 60 01 00 03 00  00 00 02 00 00 00 00 00
78 07 00 00 c0 68 01 00  03 00 00 00 02 00 00 00
00 00 f5 03 00 00 38 61  01 00 03 00 00 00 02 00
5f 61 74 61 6e 32 00 00  00 00 00 00 00 00 00 00
69 01 42 00 00 00 03 00  00 00 00 00 00 00 00 00
00 00 00 00 5f 72 69 6e  74 00 00 00 00 00 00 00
00 00 00 00 69 01 b3 01  00 00 03 00 00 00 00 00
00 00 00 00 00 00 00 00  00 00 00 00 26 10 00 00
00 00 00 00 00 00 00 00  69 01 3c 00 00 00 03 00
00 00 00 00 00 00 00 00  00 00 00 00 5f 73 63 61
6c 62 6c 6e 00 00 00 00  00 00 00 00 69 01 21 01
00 00 03 00 00 00 00 00  00 00 00 00 00 00 00 00
00 00 00 00 7d 09 00 00  e8 73 01 00 03 00 00 00
02 00 00 00 00 00 92 0d  00 00 20 1f 01 00 01 00
20 00 02 00 5f 5f 43 49  73 69 6e 68 c0 10 00 00
01 00 20 00 02 00 00 00  00 00 09 0b 00 00 88 7c
01 00 03 00 00 00 02 00  00 00 00 00 a8 10 00 00
00 00 00 00 00 00 00 00  69 01 82 01 00 00 03 00
00 00 00 00 00 00 00 00  00 00 00 00 00 00 00 00
b1 0c 00 00 10 09 01 00  01 00 20 00 02 00 5f 63
6f 73 68 00 00 00 00 00  00 00 00 00 00 00 69 01
c3 00 00 00 03 00 00 00  00 00 00 00 00 00 00 00
00 00 5f 66 6c 6f 6f 72  00 00 00 00 00 00 00 00
00 00 69 01 a6 00 00 00  03 00 00 00 00 00 00 00
00 00 00 00 00 00 00 00  00 00 01 00 00 00 00 30
01 00 00 00 00 00 02 00  00 00 00 00 bd 05 00 00
d0 61 01 00 03 00 00 00  02 00 00 00 00 00 ef 08
00 00 b8 72 01 00 03 00  00 00 02 00 5f 69 6c 6f
67 62 00 00 00 00 00 00  00 00 00 00 69 01 3e 00
00 00 03 00 00 00 00 00  00 00 00 00 00 00 00 00
00 00 00 00 53 10 00 00  00 00 00 00 00 00 00 00
69 01 6f 01 00 00 03 00  00 00 00 00 00 00 00 00
00 00 00 00 00 00 00 00  7d 03 00 00 10 61 01 00
03 00 00 00 02 00 00 00  00 00 46 0c 00 00 b8 83
01 00 03 00 00 00 02 00  00 00 00 00 00 00 00 00
00 00 00 00 00 00 00 00  00 00 00 00 00 00 00 00
00 00 00 00 00 00 00 00  00 00 00 00 00 00 00 00
00 00 00 00 00 00 00 00  00 00 00 00 00 00 00 00
00 00 00 00 00 00 00 00  00 00 00 00 00 00 00 00
00 00 00 00 00 00 00 00  00 00 00 00 00 00 00 00
00 00 00 00 00 00 00 00  00 00 00 00 00 00 00 00
00 00 00 00 00 00 00 00  00 00 00 00 00 00 00 00
00 00 00 00 00 00 00 00  00 00 00 00 00 00 00 00
00 00 00 00 00 00 00 00  00 00 00 00 00 00 00 00
00 00 00 00 00 00 00 00  00 00 00 00 00 00 00 00
00 00 00 00 00 00 00 00  00 00 00 00 00 00 00 00
00 00 00 00 00 00 00 00  00 00 00 00 00 00 00 00
00 00 00 00 00 00 00 00  00 00 00 00 00 00 00 00
00 00 00 00 00 00 00 00  00 00 00 00 00 00 00 00
00 00 00 00 00 00 00 00  00 00 00 00 00 00 00 00
00 00 00 00 00 00 00 00  00 00 00 00 00 00 00 00
00 00 00 00 00 00 00 00  00 00 00 00 00 00 00 00
00 00 00 00 00 00 00 00  00 00 00 00 00 00 00 00
00 00 00 00 00 00 00 00  00 00 00 00 00 00 00 00
00 00 00 00 00 00 00 00  00 00 00 00 00 00 00 00
00 00 00 00 00 00 00 00  00 00 00 00 00 00 00 00
00 00 00 00 00 00 00 00  00 00 00 00 00 00 00 00
