00 5f 5f 50 52 4f 43 45  44 55 52 45 5f 4c 49 4e
4b 41 47 45 5f 54 41 42  4c 45 5f 00 5f 5f 47 4c
4f 42 41 4c 5f 4f 46 46  53 45 54 5f 54 41 42 4c
45 5f 00 5f 5f 43 49 73  71 72 74 00 5f 5f 43 49
70 6f 77 00 5f 5f 43 49  6c 6f 67 00 5f 5f 43 49
6c 6f 67 31 30 00 5f 5f  43 49 65 78 70 00 5f 5f
43 49 73 69 6e 00 5f 5f  43 49 63 6f 73 00 5f 5f
43 49 74 61 6e 00 5f 5f  43 49 61 73 69 6e 00 5f
5f 43 49 61 63 6f 73 00  5f 5f 43 49 61 74 61 6e
00 5f 5f 43 49 61 74 61  6e 32 00 5f 5f 43 49 73
69 6e 68 00 5f 5f 43 49  63 6f 73 68 00 5f 5f 43
49 74 61 6e 68 00 5f 5f  43 49 66 6d 6f 64 00 5f
5f 73 71 72 74 00 5f 5f  70 6f 77 00 5f 5f 6c 6f
67 00 5f 5f 6c 6f 67 31  30 00 5f 5f 65 78 70 00
5f 5f 73 69 6e 00 5f 5f  63 6f 73 00 5f 5f 74 61
6e 00 5f 5f 61 73 69 6e  00 5f 5f 61 63 6f 73 00
5f 5f 61 74 61 6e 00 5f  5f 61 74 61 6e 32 00 5f
5f 73 69 6e 68 00 5f 5f  63 6f 73 68 00 5f 5f 74
61 6e 68 00 5f 5f 66 6d  6f 64 00 5f 5f 5f 65 78
70 5f 5f 44 00 5f 5f 72  65 61 6c 40 34 30 62 33
38 38 30 30 30 30 30 30  30 30 30 30 00 5f 5f 72
65 61 6c 40 30 30 30 30  30 30 30 30 30 30 30 30
30 30 30 30 00 5f 5f 72  65 61 6c 40 63 30 62 33
38 38 30 30 30 30 30 30  30 30 30 30 00 5f 5f 72
65 61 6c 40 33 66 66 30  30 30 30 30 30 30 30 30
30 30 30 30 00 5f 5f 72  65 61 6c 40 34 30 30 30
30 30 30 30 30 30 30 30  30 30 30 30 00 5f 5f 72
65 61 6c 40 33 66 65 30  30 30 30 30 30 30 30 30
30 30 30 30 00 5f 5f 66  69 6e 69 74 65 00 5f 5f
73 63 61 6c 62 00 5f 5f  63 6f 70 79 73 69 67 6e
00 5f 5f 66 6c 74 75 73  65 64 00 5f 5f 66 74 6f
6c 32 00 5f 5f 5f 6c 6f  67 5f 5f 44 00 5f 5f 72
65 61 6c 40 34 30 38 30  30 38 30 30 30 30 30 30
30 30 30 30 00 5f 5f 72  65 61 6c 40 33 66 38 30
30 30 30 30 30 30 30 30  30 30 30 30 00 5f 5f 72
65 61 6c 40 34 30 36 30  30 30 30 30 30 30 30 30
30 30 30 30 00 5f 5f 6c  64 65 78 70 00 5f 5f 6c
6f 67 62 00 5f 5f 74 67  61 6d 6d 61 00 5f 5f 72
65 61 6c 40 62 63 36 37  30 65 66 35 34 36 34 36
64 34 39 37 00 5f 5f 72  65 61 6c 40 33 63 36 37
30 65 66 35 34 36 34 36  64 34 39 37 00 5f 5f 72
65 61 6c 40 33 66 66 31  30 65 64 38 36 33 35 36
62 65 34 30 00 5f 5f 72  65 61 6c 40 34 30 36 35
37 34 32 38 66 35 63 32  38 66 35 63 00 5f 5f 72
65 61 6c 40 34 30 31 38  30 30 30 30 30 30 30 30
30 30 30 30 00 5f 5f 72  65 61 6c 40 33 66 64 61
64 30 30 30 30 30 30 30  30 30 30 30 00 5f 5f 72
65 61 6c 40 62 65 64 63  36 66 33 36 38 32 39 36
62 32 64 62 00 5f 5f 72  65 61 6c 40 33 66 62 35
35 35 35 35 35 35 35 35  35 35 35 34 00 5f 5f 72
65 61 6c 40 62 66 36 36  63 31 36 63 31 36 63 30
34 39 33 30 00 5f 5f 72  65 61 6c 40 33 66 34 61
30 31 61 30 31 31 64 31  32 36 33 65 00 5f 5f 72
65 61 6c 40 62 66 34 33  38 31 33 31 39 62 34 35
36 38 65 61 00 5f 5f 72  65 61 6c 40 33 66 34 62
39 32 36 61 31 33 30 35  61 30 61 39 00 5f 5f 72
65 61 6c 40 62 66 35 66  31 37 61 64 62 39 37 61
34 63 37 34 00 5f 5f 72  65 61 6c 40 33 66 37 37
35 32 38 38 39 66 64 36  64 64 39 34 00 5f 5f 72
65 61 6c 40 62 66 38 64  61 32 62 64 32 65 38 34
66 62 34 34 00 5f 5f 72  65 61 6c 40 33 66 62 30
65 64 38 36 33 35 36 62  65 33 66 38 00 5f 5f 72
65 61 6c 40 33 66 64 64  38 62 36 31 38 64 35 61
66 38 66 65 00 5f 5f 72  65 61 6c 40 62 66 64 64
38 62 36 31 38 64 35 61  66 38 66 65 00 5f 5f 72
65 61 6c 40 33 66 65 63  35 36 64 63 38 32 61 37
34 61 65 66 00 5f 5f 72  65 61 6c 40 62 63 38 63
63 64 36 63 63 34 30 34  34 32 38 38 00 5f 5f 72
65 61 6c 40 33 66 65 33  65 32 36 63 36 32 32 31
39 61 66 31 00 5f 5f 72  65 61 6c 40 33 66 64 31
30 32 32 61 37 62 33 38  61 32 36 34 00 5f 5f 72
65 61 6c 40 33 66 37 36  61 66 61 33 32 31 37 30
38 36 30 65 00 5f 5f 72  65 61 6c 40 33 66 35 36
61 66 34 62 37 61 35 32  37 33 32 34 00 5f 5f 72
65 61 6c 40 33 66 36 33  62 37 30 31 34 34 63 30
34 65 36 63 00 5f 5f 72  65 61 6c 40 33 66 66 37
33 34 30 30 30 30 30 30  30 30 30 30 00 5f 5f 72
65 61 6c 40 33 66 66 31  30 30 35 39 35 62 65 65
31 35 39 64 00 5f 5f 72  65 61 6c 40 62 66 63 61
38 65 38 36 63 35 32 36  38 30 63 34 00 5f 5f 72
65 61 6c 40 62 66 63 32  63 38 32 66 31 63 39 61
66 37 32 37 00 5f 5f 72  65 61 6c 40 33 66 39 66
38 36 64 37 37 37 31 38  64 66 38 30 00 5f 5f 72
65 61 6c 40 33 66 37 34  66 64 36 62 62 65 37 38
32 37 64 32 00 5f 5f 72  65 61 6c 40 62 66 35 63
64 36 38 32 36 62 39 61  32 34 39 39 00 5f 5f 72
65 61 6c 40 33 66 31 38  38 32 64 31 65 33 30 64
63 33 32 63 00 5f 5f 72  65 61 6c 40 33 65 64 39
62 38 66 65 65 30 66 35  32 32 34 66 00 5f 5f 72
65 61 6c 40 63 30 36 37  63 30 30 30 30 30 30 30
30 30 30 30 00 5f 5f 72  65 61 6c 40 63 30 36 35
34 30 30 30 30 30 30 30  30 30 30 30 00 5f 5f 72
65 61 6c 40 34 30 30 39  32 31 66 62 35 34 34 34
32 64 31 38 00 5f 5f 72  65 61 6c 40 33 66 64 30
30 30 30 30 30 30 30 30  30 30 30 30 00 5f 5f 63
65 69 6c 00 5f 5f 66 61  62 73 00 5f 5f 66 6c 6f
6f 72 00 5f 5f 61 63 6f  73 66 00 5f 5f 72 65 61
6c 40 33 66 30 30 30 30  30 30 00 5f 5f 72 65 61
6c 40 34 30 30 30 30 30  30 30 00 5f 5f 72 65 61
6c 40 30 30 30 30 30 30  30 30 00 5f 5f 73 71 72
74 66 00 5f 5f 61 63 6f  73 68 00 5f 5f 6c 6f 67
31 70 00 5f 5f 61 63 6f  73 68 66 00 5f 5f 6c 6f
67 31 70 66 00 5f 5f 6c  6f 67 66 00 5f 5f 61 73
69 6e 66 00 5f 5f 66 61  62 73 66 00 5f 5f 72 65
61 6c 40 63 30 30 38 30  30 30 30 30 30 30 30 30
30 30 30 00 5f 5f 72 65  61 6c 40 34 30 30 38 30
30 30 30 30 30 30 30 30  30 30 30 00 5f 5f 61 74
61 6e 32 66 00 5f 5f 72  65 61 6c 40 63 30 34 30
30 30 30 30 00 5f 5f 72  65 61 6c 40 34 30 34 30
30 30 30 30 00 5f 5f 61  74 61 6e 66 00 5f 5f 61
74 61 6e 68 00 5f 5f 61  74 61 6e 68 66 00 5f 5f
65 78 70 6d 31 00 5f 5f  63 6f 73 68 66 00 5f 5f
65 78 70 66 00 5f 5f 65  78 70 6d 31 66 00 5f 5f
66 6d 6f 64 66 00 5f 5f  67 61 6d 6d 61 00 5f 5f
67 61 6d 6d 61 5f 72 00  5f 5f 73 69 67 6e 67 61
6d 00 5f 5f 6c 67 61 6d  6d 61 5f 72 00 5f 5f 67
61 6d 6d 61 66 00 5f 5f  67 61 6d 6d 61 66 5f 72
00 5f 5f 6c 67 61 6d 6d  61 66 5f 72 00 5f 5f 68
79 70 6f 74 00 5f 5f 68  79 70 6f 74 66 00 5f 5f
6a 30 00 5f 5f 79 30 00  5f 5f 72 65 61 6c 40 62
66 64 30 30 30 30 30 30  30 30 30 30 30 30 30 00
5f 5f 72 65 61 6c 40 62  66 63 30 30 30 30 30 30
30 30 30 30 30 30 30 00  5f 5f 6a 30 66 00 5f 5f
79 30 66 00 5f 5f 72 65  61 6c 40 62 65 38 30 30
30 30 30 00 5f 5f 72 65  61 6c 40 33 65 38 30 30
30 30 30 00 5f 5f 72 65  61 6c 40 62 65 30 30 30
30 30 30 00 5f 5f 63 6f  73 66 00 5f 5f 73 69 6e
66 00 5f 5f 6a 31 00 5f  5f 79 31 00 5f 5f 72 65
61 6c 40 33 66 64 38 30  30 30 30 30 30 30 30 30
30 30 30 00 5f 5f 6a 31  66 00 5f 5f 79 31 66 00
5f 5f 72 65 61 6c 40 33  65 63 30 30 30 30 30 00
5f 5f 6a 6e 00 5f 5f 79  6e 00 5f 5f 72 65 61 6c
40 35 34 62 32 34 39 61  64 32 35 39 34 63 33 37
64 00 5f 5f 72 65 61 6c  40 34 30 38 36 32 65 34
32 66 65 66 61 33 39 65  66 00 5f 5f 72 65 61 6c
40 34 31 63 64 63 64 36  35 30 30 30 30 30 30 30
30 00 5f 5f 6a 6e 66 00  5f 5f 79 6e 66 00 5f 5f
72 65 61 6c 40 35 30 31  35 30 32 66 39 00 5f 5f
72 65 61 6c 40 34 32 62  31 37 31 38 30 00 5f 5f
72 65 61 6c 40 34 65 36  65 36 62 32 38 00 5f 5f
72 65 61 6c 40 33 66 38  30 30 30 30 30 00 5f 5f
6c 67 61 6d 6d 61 00 5f  5f 72 65 61 6c 40 34 30
31 30 30 30 30 30 30 30  30 30 30 30 30 30 00 5f
5f 72 65 61 6c 40 34 30  31 34 30 30 30 30 30 30
30 30 30 30 30 30 00 5f  5f 72 65 61 6c 40 62 66
65 30 30 30 30 30 30 30  30 30 30 30 30 30 00 5f
5f 72 65 61 6c 40 33 66  66 38 30 30 30 30 30 30
30 30 30 30 30 30 00 5f  5f 5f 6b 65 72 6e 65 6c
5f 63 6f 73 00 5f 5f 5f  6b 65 72 6e 65 6c 5f 73
69 6e 00 5f 5f 6c 67 61  6d 6d 61 66 00 5f 5f 72
65 61 6c 40 34 30 38 30  30 30 30 30 00 5f 5f 72
65 61 6c 40 34 30 61 30  30 30 30 30 00 5f 5f 72
65 61 6c 40 34 30 63 30  30 30 30 30 00 5f 5f 72
65 61 6c 40 62 66 30 30  30 30 30 30 00 5f 5f 72
65 61 6c 40 33 66 63 30  30 30 30 30 00 5f 5f 5f
6b 65 72 6e 65 6c 5f 63  6f 73 66 00 5f 5f 66 6c
6f 6f 72 66 00 5f 5f 5f  6b 65 72 6e 65 6c 5f 73
69 6e 66 00 5f 5f 72 65  61 6c 40 33 66 64 35 35
35 35 35 35 35 35 35 35  35 35 35 00 5f 5f 6c 6f
67 31 30 66 00 5f 5f 72  65 61 6c 40 33 65 61 61
61 61 61 62 00 5f 5f 73  63 61 6c 62 6e 00 5f 5f
70 6f 77 66 00 5f 5f 73  63 61 6c 62 6e 66 00 5f
5f 5f 69 65 65 65 37 35  34 5f 72 65 6d 5f 70 69
6f 32 00 5f 5f 5f 6b 65  72 6e 65 6c 5f 72 65 6d
5f 70 69 6f 32 00 5f 5f  5f 69 65 65 65 37 35 34
5f 72 65 6d 5f 70 69 6f  32 66 00 5f 5f 5f 6b 65
72 6e 65 6c 5f 72 65 6d  5f 70 69 6f 32 66 00 5f
5f 72 65 6d 61 69 6e 64  65 72 00 5f 5f 72 65 6d
61 69 6e 64 65 72 66 00  5f 5f 72 65 61 6c 40 34
30 65 66 62 64 30 30 30  30 30 30 30 30 30 30 00
5f 5f 72 69 6e 74 00 5f  5f 69 73 6e 61 6e 00 5f
5f 73 63 61 6c 62 66 00  5f 5f 72 65 61 6c 40 34
37 37 64 65 38 30 30 00  5f 5f 72 69 6e 74 66 00
5f 5f 66 69 6e 69 74 65  66 00 5f 5f 69 73 6e 61
6e 66 00 5f 5f 73 69 6e  68 66 00 5f 5f 5f 66 70
63 6c 61 73 73 69 66 79  66 00 5f 5f 5f 66 70 63
6c 61 73 73 69 66 79 64  00 5f 5f 72 65 61 6c 40
33 66 64 32 30 30 30 30  30 30 30 30 30 30 30 30
00 5f 5f 72 65 61 6c 40  34 30 32 30 30 30 30 30
30 30 30 30 30 30 30 30  00 5f 5f 72 65 61 6c 40
33 66 63 30 30 30 30 30  30 30 30 30 30 30 30 30
00 5f 5f 72 65 61 6c 40  34 31 30 30 30 30 30 30
00 5f 5f 72 65 61 6c 40  33 65 30 30 30 30 30 30
00 5f 5f 5f 6b 65 72 6e  65 6c 5f 74 61 6e 00 5f
5f 72 65 61 6c 40 62 66  66 30 30 30 30 30 30 30
30 30 30 30 30 30 00 5f  5f 5f 6b 65 72 6e 65 6c
5f 74 61 6e 66 00 5f 5f  72 65 61 6c 40 62 66 38
30 30 30 30 30 00 5f 5f  61 73 69 6e 68 00 5f 5f
61 73 69 6e 68 66 00 5f  5f 63 62 72 74 00 5f 5f
63 62 72 74 66 00 5f 5f  63 65 69 6c 66 00 5f 5f
63 6f 70 79 73 69 67 6e  66 00 5f 5f 65 72 66 00
5f 5f 65 72 66 63 00 5f  5f 72 65 61 6c 40 33 66
65 32 30 30 30 30 30 30  30 30 30 30 30 30 00 5f
5f 65 72 66 66 00 5f 5f  65 72 66 63 66 00 5f 5f
72 65 61 6c 40 33 66 31  30 30 30 30 30 00 5f 5f
72 65 61 6c 40 63 30 30  30 30 30 30 30 30 30 30
30 30 30 30 30 00 5f 5f  72 65 61 6c 40 63 30 30
30 30 30 30 30 00 5f 5f  66 64 69 6d 00 5f 5f 66
64 69 6d 66 00 5f 5f 66  6d 61 78 00 5f 5f 66 6d
61 78 66 00 5f 5f 66 6d  69 6e 00 5f 5f 66 6d 69
6e 66 00 5f 5f 66 72 65  78 70 00 5f 5f 66 72 65
78 70 66 00 5f 5f 69 6c  6f 67 62 00 5f 5f 69 6c
6f 67 62 66 00 5f 5f 5f  69 73 66 69 6e 69 74 65
00 5f 5f 5f 69 73 66 69  6e 69 74 65 66 00 5f 5f
69 73 69 6e 66 66 00 5f  5f 5f 69 73 6e 6f 72 6d
61 6c 00 5f 5f 5f 69 73  6e 6f 72 6d 61 6c 66 00
5f 5f 5f 65 72 72 6e 6f  00 5f 5f 6c 64 65 78 70
66 00 5f 5f 72 65 61 6c  40 33 66 65 35 35 35 35
35 35 35 35 35 35 35 35  35 00 5f 5f 72 65 61 6c
40 33 66 32 61 61 61 61  62 00 5f 5f 72 65 61 6c
40 63 30 38 66 66 30 30  30 30 30 30 30 30 30 30
30 00 5f 5f 6c 6f 67 62  66 00 5f 5f 72 65 61 6c
40 63 32 66 63 30 30 30  30 00 5f 5f 6d 6f 64 66
00 5f 5f 6d 6f 64 66 66  00 5f 5f 6e 65 78 74 61
66 74 65 72 00 5f 5f 6e  65 78 74 61 66 74 65 72
66 00 5f 5f 73 63 61 6c  62 6c 6e 00 5f 5f 73 63
61 6c 62 6c 6e 66 00 5f  5f 5f 73 69 67 6e 62 69
74 00 5f 5f 5f 73 69 67  6e 62 69 74 66 00 5f 5f
73 69 67 6e 69 66 69 63  61 6e 64 00 5f 5f 73 69
67 6e 69 66 69 63 61 6e  64 66 00 5f 5f 74 61 6e
66 00 5f 5f 74 61 6e 68  66 00 5f 5f 74 72 75 6e
63 00 5f 5f 74 72 75 6e  63 66 00 5f 5f 64 72 65
6d 00 5f 5f 64 72 65 6d  66 00 5f 61 63 6f 73 00
5f 61 63 6f 73 66 00 5f  61 63 6f 73 68 00 5f 61
63 6f 73 68 66 00 5f 61  73 69 6e 00 5f 61 73 69
6e 66 00 5f 61 73 69 6e  68 00 5f 61 73 69 6e 68
66 00 5f 61 74 61 6e 00  5f 61 74 61 6e 32 00 5f
61 74 61 6e 32 66 00 5f  61 74 61 6e 66 00 5f 61
74 61 6e 68 00 5f 61 74  61 6e 68 66 00 5f 63 62
72 74 00 5f 63 62 72 74  66 00 5f 63 65 69 6c 00
5f 63 65 69 6c 66 00 5f  63 6f 70 79 73 69 67 6e
00 5f 63 6f 70 79 73 69  67 6e 66 00 5f 63 6f 73
00 5f 63 6f 73 66 00 5f  63 6f 73 68 00 5f 63 6f
73 68 66 00 5f 64 72 65  6d 00 5f 64 72 65 6d 66
00 5f 65 72 66 00 5f 65  72 66 63 00 5f 65 72 66
63 66 00 5f 65 72 66 66  00 5f 65 78 70 00 5f 65
78 70 66 00 5f 65 78 70  6d 31 00 5f 65 78 70 6d
31 66 00 5f 66 61 62 73  00 5f 66 61 62 73 66 00
5f 66 64 69 6d 00 5f 66  64 69 6d 66 00 5f 66 69
6e 69 74 65 00 5f 66 69  6e 69 74 65 66 00 5f 66
6c 6f 6f 72 00 5f 66 6c  6f 6f 72 66 00 5f 66 6d
61 78 00 5f 66 6d 61 78  66 00 5f 66 6d 69 6e 00
5f 66 6d 69 6e 66 00 5f  66 6d 6f 64 00 5f 66 6d
6f 64 66 00 5f 66 72 65  78 70 00 5f 66 72 65 78
70 66 00 5f 67 61 6d 6d  61 00 5f 67 61 6d 6d 61
5f 72 00 5f 67 61 6d 6d  61 66 00 5f 67 61 6d 6d
61 66 5f 72 00 5f 68 79  70 6f 74 00 5f 68 79 70
6f 74 66 00 5f 69 6c 6f  67 62 00 5f 69 6c 6f 67
62 66 00 5f 69 73 69 6e  66 66 00 5f 69 73 6e 61
6e 66 00 5f 6a 30 00 5f  6a 30 66 00 5f 6a 31 00
5f 6a 31 66 00 5f 6a 6e  00 5f 6a 6e 66 00 5f 6c
64 65 78 70 00 5f 6c 64  65 78 70 66 00 5f 6c 67
61 6d 6d 61 00 5f 6c 67  61 6d 6d 61 5f 72 00 5f
6c 67 61 6d 6d 61 66 00  5f 6c 67 61 6d 6d 61 66
5f 72 00 5f 6c 6f 67 00  5f 6c 6f 67 31 30 00 5f
6c 6f 67 31 30 66 00 5f  6c 6f 67 31 70 00 5f 6c
6f 67 31 70 66 00 5f 6c  6f 67 62 00 5f 6c 6f 67
62 66 00 5f 6c 6f 67 66  00 5f 6d 6f 64 66 00 5f
6d 6f 64 66 66 00 5f 6e  65 78 74 61 66 74 65 72
00 5f 6e 65 78 74 61 66  74 65 72 66 00 5f 70 6f
77 00 5f 70 6f 77 66 00  5f 72 65 6d 61 69 6e 64
65 72 00 5f 72 65 6d 61  69 6e 64 65 72 66 00 5f
72 69 6e 74 00 5f 72 69  6e 74 66 00 5f 73 63 61
6c 62 00 5f 73 63 61 6c  62 66 00 5f 73 63 61 6c
62 6c 6e 00 5f 73 63 61  6c 62 6c 6e 66 00 5f 73
63 61 6c 62 6e 00 5f 73  63 61 6c 62 6e 66 00 5f
73 69 67 6e 67 61 6d 00  5f 73 69 67 6e 69 66 69
63 61 6e 64 00 5f 73 69  67 6e 69 66 69 63 61 6e
64 66 00 5f 73 69 6e 00  5f 73 69 6e 66 00 5f 73
69 6e 68 00 5f 73 69 6e  68 66 00 5f 73 71 72 74
00 5f 73 71 72 74 66 00  5f 74 61 6e 00 5f 74 61
6e 66 00 5f 74 61 6e 68  00 5f 74 61 6e 68 66 00
5f 74 67 61 6d 6d 61 00  5f 74 72 75 6e 63 00 5f
74 72 75 6e 63 66 00 5f  79 30 00 5f 79 30 66 00
5f 79 31 00 5f 79 31 66  00 5f 79 6e 00 5f 79 6e
66 00 6c 69 62 6d 2e 73  6f 2e 35 2e 32 00 00 00
00 00 00 00 00 00 00 00  00 00 00 00 00 00 00 00
00 00 00 00 00 00 00 00  00 00 00 00 00 00 00 00
00 00 00 00 00 00 00 00  00 00 00 00 00 00 00 00
00 00 00 00 00 00 00 00  00 00 00 00 00 00 00 00
00 00 00 00 00 00 00 00  00 00 00 00 00 00 00 00
00 00 00 00 00 00 00 00  00 00 00 00 00 00 00 00
00 00 00 00 00 00 00 00  00 00 00 00 00 00 00 00
00 00 00 00 00 00 00 00  00 00 00 00 00 00 00 00
00 00 00 00 00 00 00 00  00 00 00 00 00 00 00 00
00 00 00 00 00 00 00 00  00 00 00 00 00 00 00 00
00 00 00 00 00 00 00 00  00 00 00 00 00 00 00 00
00 00 00 00 00 00 00 00  00 00 00 00 00 00 00 00
