a2 27 01 00 00 00 00 00  1d 00 46 11 00 00 00 00
00 00 1d 00 57 11 00 00  00 00 00 00 1d 00 6c 11
00 00 00 00 00 00 1d 00  ae 1e 01 00 00 00 00 00
1d 00 bd 1e 01 00 00 00  00 00 1d 00 ee 1e 01 00
00 00 00 00 1d 00 b8 1f  01 00 00 00 00 00 1d 00
b8 21 01 00 00 00 00 00  1d 00 23 23 01 00 00 00
00 00 1d 00 2c 23 01 00  00 00 00 00 1d 00 37 23
01 00 00 00 00 00 1d 00  40 23 01 00 00 00 00 00
1d 00 61 23 01 00 00 00  00 00 1d 00 8c 23 01 00
00 00 00 00 1d 00 a3 23  01 00 00 00 00 00 1d 00
a9 23 01 00 00 00 00 00  1d 00 af 23 01 00 00 00
00 00 1d 00 ba 23 01 00  00 00 00 00 1d 00 ef 23
01 00 00 00 00 00 1d 00  fc 23 01 00 00 00 00 00
1d 00 02 24 01 00 00 00  00 00 1d 00 62 24 01 00
00 00 00 00 1d 00 6b 24  01 00 00 00 00 00 1d 00
76 24 01 00 00 00 00 00  1d 00 7f 24 01 00 00 00
00 00 1d 00 a0 24 01 00  00 00 00 00 1d 00 c6 24
01 00 00 00 00 00 1d 00  db 24 01 00 00 00 00 00
1d 00 e1 24 01 00 00 00  00 00 1d 00 e7 24 01 00
00 00 00 00 1d 00 f2 24  01 00 00 00 00 00 1d 00
20 25 01 00 00 00 00 00  1d 00 2d 25 01 00 00 00
00 00 1d 00 33 25 01 00  00 00 00 00 1d 00 9d 25
01 00 00 00 00 00 1d 00  a6 25 01 00 00 00 00 00
1d 00 e8 25 01 00 00 00  00 00 1d 00 f1 25 01 00
00 00 00 00 1d 00 49 26  01 00 00 00 00 00 1d 00
52 26 01 00 00 00 00 00  1d 00 c5 26 01 00 00 00
00 00 1d 00 ce 26 01 00  00 00 00 00 1d 00 03 27
01 00 00 00 00 00 1d 00  0c 27 01 00 00 00 00 00
1d 00 32 11 00 00 00 00  00 00 1d 00 8e 11 00 00
00 00 00 00 1d 00 9d 11  00 00 00 00 00 00 1d 00
b5 11 00 00 00 00 00 00  1d 00 bb 11 00 00 00 00
00 00 1d 00 c4 11 00 00  00 00 00 00 1d 00 cd 11
00 00 00 00 00 00 1d 00  d6 11 00 00 00 00 00 00
1d 00 eb 11 00 00 00 00  00 00 1d 00 0b 12 00 00
00 00 00 00 1d 00 39 12  00 00 00 00 00 00 1d 00
45 12 00 00 00 00 00 00  1d 00 5b 12 00 00 00 00
00 00 1d 00 78 12 00 00  00 00 00 00 1d 00 84 12
00 00 00 00 00 00 1d 00  b8 12 00 00 00 00 00 00
1d 00 3c 13 00 00 00 00  00 00 1d 00 42 13 00 00
00 00 00 00 1d 00 48 13  00 00 00 00 00 00 1d 00
59 13 00 00 00 00 00 00  1d 00 5f 13 00 00 00 00
00 00 1d 00 71 13 00 00  00 00 00 00 1d 00 7d 13
00 00 00 00 00 00 1d 00  86 13 00 00 00 00 00 00
1d 00 a4 13 00 00 00 00  00 00 1d 00 aa 13 00 00
00 00 00 00 1d 00 b3 13  00 00 00 00 00 00 1d 00
bc 13 00 00 00 00 00 00  1d 00 d2 13 00 00 00 00
00 00 1d 00 de 13 00 00  00 00 00 00 1d 00 2b 14
00 00 00 00 00 00 1d 00  35 14 00 00 00 00 00 00
1d 00 48 14 00 00 00 00  00 00 1d 00 5a 14 00 00
00 00 00 00 1d 00 ba 14  00 00 00 00 00 00 1d 00
c3 14 00 00 00 00 00 00  1d 00 cc 14 00 00 00 00
00 00 1d 00 dc 14 00 00  00 00 00 00 1d 00 e9 14
00 00 00 00 00 00 1d 00  ef 14 00 00 00 00 00 00
1d 00 3c 15 00 00 00 00  00 00 1d 00 62 15 00 00
00 00 00 00 1d 00 85 15  00 00 00 00 00 00 1d 00
92 15 00 00 00 00 00 00  1d 00 a4 15 00 00 00 00
00 00 1d 00 af 15 00 00  00 00 00 00 1d 00 fe 15
00 00 00 00 00 00 1d 00  07 16 00 00 00 00 00 00
1d 00 0d 16 00 00 00 00  00 00 1d 00 16 16 00 00
00 00 00 00 1d 00 1f 16  00 00 00 00 00 00 1d 00
28 16 00 00 00 00 00 00  1d 00 31 16 00 00 00 00
00 00 1d 00 3a 16 00 00  00 00 00 00 1d 00 43 16
00 00 00 00 00 00 1d 00  75 16 00 00 00 00 00 00
1d 00 81 16 00 00 00 00  00 00 1d 00 8d 16 00 00
00 00 00 00 1d 00 9c 16  00 00 00 00 00 00 1d 00
c9 16 00 00 00 00 00 00  1d 00 d8 16 00 00 00 00
00 00 1d 00 f3 16 00 00  00 00 00 00 1d 00 2b 17
00 00 00 00 00 00 1d 00  34 17 00 00 00 00 00 00
1d 00 40 17 00 00 00 00  00 00 1d 00 4d 17 00 00
00 00 00 00 1d 00 5c 17  00 00 00 00 00 00 1d 00
90 17 00 00 00 00 00 00  1d 00 9f 17 00 00 00 00
00 00 1d 00 ac 17 00 00  00 00 00 00 1d 00 c7 17
00 00 00 00 00 00 1d 00  db 17 00 00 00 00 00 00
1d 00 e7 17 00 00 00 00  00 00 1d 00 f3 17 00 00
00 00 00 00 1d 00 20 18  00 00 00 00 00 00 1d 00
2f 18 00 00 00 00 00 00  1d 00 47 18 00 00 00 00
00 00 1d 00 56 18 00 00  00 00 00 00 1d 00 ab 18
00 00 00 00 00 00 1d 00  c1 18 00 00 00 00 00 00
1d 00 d1 18 00 00 00 00  00 00 1d 00 fa 18 00 00
00 00 00 00 1d 00 0a 19  00 00 00 00 00 00 1d 00
29 19 00 00 00 00 00 00  1d 00 2f 19 00 00 00 00
00 00 1d 00 3e 19 00 00  00 00 00 00 1d 00 44 19
00 00 00 00 00 00 1d 00  69 19 00 00 00 00 00 00
1d 00 79 19 00 00 00 00  00 00 1d 00 8f 19 00 00
00 00 00 00 1d 00 98 19  00 00 00 00 00 00 1d 00
dc 19 00 00 00 00 00 00  1d 00 eb 19 00 00 00 00
00 00 1d 00 2b 1a 00 00  00 00 00 00 1d 00 31 1a
00 00 00 00 00 00 1d 00  3a 1a 00 00 00 00 00 00
1d 00 43 1a 00 00 00 00  00 00 1d 00 4c 1a 00 00
00 00 00 00 1d 00 55 1a  00 00 00 00 00 00 1d 00
5e 1a 00 00 00 00 00 00  1d 00 67 1a 00 00 00 00
00 00 1d 00 70 1a 00 00  00 00 00 00 1d 00 7c 1a
00 00 00 00 00 00 1d 00  82 1a 00 00 00 00 00 00
1d 00 8b 1a 00 00 00 00  00 00 1d 00 94 1a 00 00
00 00 00 00 1d 00 9d 1a  00 00 00 00 00 00 1d 00
b1 1a 00 00 00 00 00 00  1d 00 c1 1a 00 00 00 00
00 00 1d 00 ee 1a 00 00  00 00 00 00 1d 00 fe 1a
00 00 00 00 00 00 1d 00  19 1b 00 00 00 00 00 00
1d 00 29 1b 00 00 00 00  00 00 1d 00 4a 1b 00 00
00 00 00 00 1d 00 5c 1b  00 00 00 00 00 00 1d 00
64 1b 00 00 00 00 00 00  1d 00 74 1b 00 00 00 00
00 00 1d 00 7e 1b 00 00  00 00 00 00 1d 00 c2 1b
00 00 00 00 00 00 1d 00  e8 1b 00 00 00 00 00 00
1d 00 ee 1b 00 00 00 00  00 00 1d 00 21 1c 00 00
00 00 00 00 1d 00 4e 1c  00 00 00 00 00 00 1d 00
5b 1c 00 00 00 00 00 00  1d 00 77 1c 00 00 00 00
00 00 1d 00 80 1c 00 00  00 00 00 00 1d 00 9a 1c
00 00 00 00 00 00 1d 00  ae 1c 00 00 00 00 00 00
1d 00 be 1c 00 00 00 00  00 00 1d 00 c4 1c 00 00
00 00 00 00 1d 00 cf 1c  00 00 00 00 00 00 1d 00
fb 1c 00 00 00 00 00 00  1d 00 74 1d 00 00 00 00
00 00 1d 00 80 1d 00 00  00 00 00 00 1d 00 e0 1d
00 00 00 00 00 00 1d 00  41 1e 00 00 00 00 00 00
1d 00 4c 1e 00 00 00 00  00 00 1d 00 52 1e 00 00
00 00 00 00 1d 00 58 1e  00 00 00 00 00 00 1d 00
8c 1e 00 00 00 00 00 00  1d 00 92 1e 00 00 00 00
00 00 1d 00 a6 1e 00 00  00 00 00 00 1d 00 ac 1e
00 00 00 00 00 00 1d 00  b5 1e 00 00 00 00 00 00
1d 00 be 1e 00 00 00 00  00 00 1d 00 c7 1e 00 00
00 00 00 00 1d 00 d0 1e  00 00 00 00 00 00 1d 00
df 1e 00 00 00 00 00 00  1d 00 e5 1e 00 00 00 00
00 00 1d 00 ee 1e 00 00  00 00 00 00 1d 00 f7 1e
00 00 00 00 00 00 1d 00  00 1f 00 00 00 00 00 00
1d 00 18 1f 00 00 00 00  00 00 1d 00 21 1f 00 00
00 00 00 00 1d 00 36 1f  00 00 00 00 00 00 1d 00
3f 1f 00 00 00 00 00 00  1d 00 48 1f 00 00 00 00
00 00 1d 00 4e 1f 00 00  00 00 00 00 1d 00 57 1f
00 00 00 00 00 00 1d 00  60 1f 00 00 00 00 00 00
1d 00 69 1f 00 00 00 00  00 00 1d 00 72 1f 00 00
00 00 00 00 1d 00 81 1f  00 00 00 00 00 00 1d 00
87 1f 00 00 00 00 00 00  1d 00 90 1f 00 00 00 00
00 00 1d 00 99 1f 00 00  00 00 00 00 1d 00 a2 1f
00 00 00 00 00 00 1d 00  cb 1f 00 00 00 00 00 00
1d 00 dc 1f 00 00 00 00  00 00 1d 00 e7 1f 00 00
00 00 00 00 1d 00 f0 1f  00 00 00 00 00 00 1d 00
3b 20 00 00 00 00 00 00  1d 00 41 20 00 00 00 00
00 00 1d 00 4a 20 00 00  00 00 00 00 1d 00 53 20
00 00 00 00 00 00 1d 00  5c 20 00 00 00 00 00 00
1d 00 65 20 00 00 00 00  00 00 1d 00 74 20 00 00
00 00 00 00 1d 00 7a 20  00 00 00 00 00 00 1d 00
83 20 00 00 00 00 00 00  1d 00 8c 20 00 00 00 00
00 00 1d 00 95 20 00 00  00 00 00 00 1d 00 f2 20
00 00 00 00 00 00 1d 00  fd 20 00 00 00 00 00 00
1d 00 03 21 00 00 00 00  00 00 1d 00 09 21 00 00
00 00 00 00 1d 00 46 21  00 00 00 00 00 00 1d 00
4c 21 00 00 00 00 00 00  1d 00 60 21 00 00 00 00
00 00 1d 00 66 21 00 00  00 00 00 00 1d 00 6f 21
00 00 00 00 00 00 1d 00  78 21 00 00 00 00 00 00
1d 00 81 21 00 00 00 00  00 00 1d 00 8a 21 00 00
00 00 00 00 1d 00 99 21  00 00 00 00 00 00 1d 00
9f 21 00 00 00 00 00 00  1d 00 a8 21 00 00 00 00
00 00 1d 00 b1 21 00 00  00 00 00 00 1d 00 ba 21
00 00 00 00 00 00 1d 00  d2 21 00 00 00 00 00 00
1d 00 db 21 00 00 00 00  00 00 1d 00 f0 21 00 00
00 00 00 00 1d 00 f9 21  00 00 00 00 00 00 1d 00
02 22 00 00 00 00 00 00  1d 00 08 22 00 00 00 00
00 00 1d 00 11 22 00 00  00 00 00 00 1d 00 1a 22
00 00 00 00 00 00 1d 00  23 22 00 00 00 00 00 00
1d 00 2c 22 00 00 00 00  00 00 1d 00 3b 22 00 00
00 00 00 00 1d 00 41 22  00 00 00 00 00 00 1d 00
4a 22 00 00 00 00 00 00  1d 00 53 22 00 00 00 00
00 00 1d 00 5c 22 00 00  00 00 00 00 1d 00 80 22
00 00 00 00 00 00 1d 00  91 22 00 00 00 00 00 00
1d 00 9c 22 00 00 00 00  00 00 1d 00 a5 22 00 00
00 00 00 00 1d 00 00 23  00 00 00 00 00 00 1d 00
06 23 00 00 00 00 00 00  1d 00 0f 23 00 00 00 00
00 00 1d 00 18 23 00 00  00 00 00 00 1d 00 21 23
00 00 00 00 00 00 1d 00  2a 23 00 00 00 00 00 00
1d 00 39 23 00 00 00 00  00 00 1d 00 3f 23 00 00
00 00 00 00 1d 00 48 23  00 00 00 00 00 00 1d 00
51 23 00 00 00 00 00 00  1d 00 5a 23 00 00 00 00
00 00 1d 00 e8 23 00 00  00 00 00 00 1d 00 00 24
00 00 00 00 00 00 1d 00  1d 24 00 00 00 00 00 00
1d 00 2c 24 00 00 00 00  00 00 1d 00 43 24 00 00
00 00 00 00 1d 00 5f 24  00 00 00 00 00 00 1d 00
68 24 00 00 00 00 00 00  1d 00 fd 24 00 00 00 00
00 00 1d 00 11 25 00 00  00 00 00 00 1d 00 2e 25
00 00 00 00 00 00 1d 00  3d 25 00 00 00 00 00 00
1d 00 52 25 00 00 00 00  00 00 1d 00 6c 25 00 00
00 00 00 00 1d 00 75 25  00 00 00 00 00 00 1d 00
b8 25 00 00 00 00 00 00  1d 00 07 26 00 00 00 00
00 00 1d 00 10 26 00 00  00 00 00 00 1d 00 46 26
00 00 00 00 00 00 1d 00  4f 26 00 00 00 00 00 00
1d 00 72 26 00 00 00 00  00 00 1d 00 78 26 00 00
00 00 00 00 1d 00 81 26  00 00 00 00 00 00 1d 00
8a 26 00 00 00 00 00 00  1d 00 93 26 00 00 00 00
00 00 1d 00 9c 26 00 00  00 00 00 00 1d 00 ab 26
00 00 00 00 00 00 1d 00  b1 26 00 00 00 00 00 00
1d 00 ba 26 00 00 00 00  00 00 1d 00 c3 26 00 00
00 00 00 00 1d 00 cc 26  00 00 00 00 00 00 1d 00
fd 26 00 00 00 00 00 00  1d 00 06 27 00 00 00 00
00 00 1d 00 0f 27 00 00  00 00 00 00 1d 00 15 27
00 00 00 00 00 00 1d 00  1e 27 00 00 00 00 00 00
1d 00 27 27 00 00 00 00  00 00 1d 00 30 27 00 00
00 00 00 00 1d 00 39 27  00 00 00 00 00 00 1d 00
48 27 00 00 00 00 00 00  1d 00 4e 27 00 00 00 00
00 00 1d 00 57 27 00 00  00 00 00 00 1d 00 60 27
00 00 00 00 00 00 1d 00  69 27 00 00 00 00 00 00
1d 00 a3 27 00 00 00 00  00 00 1d 00 a9 27 00 00
00 00 00 00 1d 00 ee 27  00 00 00 00 00 00 1d 00
fa 27 00 00 00 00 00 00  1d 00 03 28 00 00 00 00
00 00 1d 00 0e 28 00 00  00 00 00 00 1d 00 17 28
00 00 00 00 00 00 1d 00  26 28 00 00 00 00 00 00
1d 00 86 28 00 00 00 00  00 00 1d 00 8f 28 00 00
00 00 00 00 1d 00 ce 28  00 00 00 00 00 00 1d 00
d7 28 00 00 00 00 00 00  1d 00 fa 28 00 00 00 00
00 00 1d 00 00 29 00 00  00 00 00 00 1d 00 09 29
00 00 00 00 00 00 1d 00  12 29 00 00 00 00 00 00
1d 00 1b 29 00 00 00 00  00 00 1d 00 24 29 00 00
00 00 00 00 1d 00 33 29  00 00 00 00 00 00 1d 00
39 29 00 00 00 00 00 00  1d 00 42 29 00 00 00 00
00 00 1d 00 4b 29 00 00  00 00 00 00 1d 00 54 29
00 00 00 00 00 00 1d 00  80 29 00 00 00 00 00 00
1d 00 89 29 00 00 00 00  00 00 1d 00 92 29 00 00
00 00 00 00 1d 00 98 29  00 00 00 00 00 00 1d 00
a1 29 00 00 00 00 00 00  1d 00 aa 29 00 00 00 00
00 00 1d 00 b3 29 00 00  00 00 00 00 1d 00 bc 29
00 00 00 00 00 00 1d 00  cb 29 00 00 00 00 00 00
1d 00 d1 29 00 00 00 00  00 00 1d 00 da 29 00 00
00 00 00 00 1d 00 e3 29  00 00 00 00 00 00 1d 00
ec 29 00 00 00 00 00 00  1d 00 21 2a 00 00 00 00
00 00 1d 00 27 2a 00 00  00 00 00 00 1d 00 7e 2a
00 00 00 00 00 00 1d 00  8a 2a 00 00 00 00 00 00
1d 00 93 2a 00 00 00 00  00 00 1d 00 9e 2a 00 00
00 00 00 00 1d 00 a7 2a  00 00 00 00 00 00 1d 00
b6 2a 00 00 00 00 00 00  1d 00 b4 2b 00 00 00 00
00 00 1d 00 c2 2b 00 00  00 00 00 00 1d 00 c8 2b
00 00 00 00 00 00 1d 00  d3 2b 00 00 00 00 00 00
1d 00 db 2b 00 00 00 00  00 00 1d 00 f4 2b 00 00
00 00 00 00 1d 00 fc 2b  00 00 00 00 00 00 1d 00
07 2c 00 00 00 00 00 00  1d 00 0d 2c 00 00 00 00
00 00 1d 00 44 2c 00 00  00 00 00 00 1d 00 4a 2c
00 00 00 00 00 00 1d 00  50 2c 00 00 00 00 00 00
1d 00 5b 2c 00 00 00 00  00 00 1d 00 63 2c 00 00
00 00 00 00 1d 00 6e 2c  00 00 00 00 00 00 1d 00
74 2c 00 00 00 00 00 00  1d 00 7a 2c 00 00 00 00
00 00 1d 00 85 2c 00 00  00 00 00 00 1d 00 8b 2c
00 00 00 00 00 00 1d 00  91 2c 00 00 00 00 00 00
1d 00 ae 2c 00 00 00 00  00 00 1d 00 b4 2c 00 00
00 00 00 00 1d 00 bf 2c  00 00 00 00 00 00 1d 00
cc 2c 00 00 00 00 00 00  1d 00 d2 2c 00 00 00 00
00 00 1d 00 dd 2c 00 00  00 00 00 00 1d 00 e5 2c
00 00 00 00 00 00 1d 00  ff 2c 00 00 00 00 00 00
1d 00 07 2d 00 00 00 00  00 00 1d 00 12 2d 00 00
00 00 00 00 1d 00 18 2d  00 00 00 00 00 00 1d 00
3b 2d 00 00 00 00 00 00  1d 00 41 2d 00 00 00 00
00 00 1d 00 47 2d 00 00  00 00 00 00 1d 00 5e 2d
00 00 00 00 00 00 1d 00  db 2d 00 00 00 00 00 00
1d 00 e1 2d 00 00 00 00  00 00 1d 00 ec 2d 00 00
00 00 00 00 1d 00 f2 2d  00 00 00 00 00 00 1d 00
fa 2d 00 00 00 00 00 00  1d 00 fe 2d 00 00 00 00
00 00 1d 00 02 2e 00 00  00 00 00 00 1d 00 06 2e
00 00 00 00 00 00 1d 00  0a 2e 00 00 00 00 00 00
1d 00 0e 2e 00 00 00 00  00 00 1d 00 12 2e 00 00
00 00 00 00 1d 00 16 2e  00 00 00 00 00 00 1d 00
1a 2e 00 00 00 00 00 00  1d 00 1e 2e 00 00 00 00
00 00 1d 00 22 2e 00 00  00 00 00 00 1d 00 26 2e
00 00 00 00 00 00 1d 00  d3 2e 00 00 00 00 00 00
1d 00 e1 2e 00 00 00 00  00 00 1d 00 e7 2e 00 00
00 00 00 00 1d 00 f2 2e  00 00 00 00 00 00 1d 00
fa 2e 00 00 00 00 00 00  1d 00 11 2f 00 00 00 00
00 00 1d 00 19 2f 00 00  00 00 00 00 1d 00 24 2f
00 00 00 00 00 00 1d 00  2a 2f 00 00 00 00 00 00
1d 00 61 2f 00 00 00 00  00 00 1d 00 67 2f 00 00
00 00 00 00 1d 00 6d 2f  00 00 00 00 00 00 1d 00
78 2f 00 00 00 00 00 00  1d 00 80 2f 00 00 00 00
00 00 1d 00 8b 2f 00 00  00 00 00 00 1d 00 91 2f
00 00 00 00 00 00 1d 00  97 2f 00 00 00 00 00 00
1d 00 a2 2f 00 00 00 00  00 00 1d 00 a8 2f 00 00
00 00 00 00 1d 00 ae 2f  00 00 00 00 00 00 1d 00
cb 2f 00 00 00 00 00 00  1d 00 d1 2f 00 00 00 00
00 00 1d 00 dc 2f 00 00  00 00 00 00 1d 00 e9 2f
00 00 00 00 00 00 1d 00  ef 2f 00 00 00 00 00 00
1d 00 fa 2f 00 00 00 00  00 00 1d 00 02 30 00 00
00 00 00 00 1d 00 1c 30  00 00 00 00 00 00 1d 00
24 30 00 00 00 00 00 00  1d 00 2f 30 00 00 00 00
00 00 1d 00 35 30 00 00  00 00 00 00 1d 00 58 30
00 00 00 00 00 00 1d 00  5e 30 00 00 00 00 00 00
1d 00 64 30 00 00 00 00  00 00 1d 00 ee 30 00 00
00 00 00 00 1d 00 f4 30  00 00 00 00 00 00 1d 00
ff 30 00 00 00 00 00 00  1d 00 05 31 00 00 00 00
00 00 1d 00 0d 31 00 00  00 00 00 00 1d 00 11 31
00 00 00 00 00 00 1d 00  15 31 00 00 00 00 00 00
1d 00 19 31 00 00 00 00  00 00 1d 00 1d 31 00 00
00 00 00 00 1d 00 21 31  00 00 00 00 00 00 1d 00
25 31 00 00 00 00 00 00  1d 00 29 31 00 00 00 00
00 00 1d 00 2d 31 00 00  00 00 00 00 1d 00 31 31
00 00 00 00 00 00 1d 00  35 31 00 00 00 00 00 00
1d 00 39 31 00 00 00 00  00 00 1d 00 9e 31 00 00
00 00 00 00 1d 00 b2 31  00 00 00 00 00 00 1d 00
bb 31 00 00 00 00 00 00  1d 00 fb 31 00 00 00 00
00 00 1d 00 17 32 00 00  00 00 00 00 1d 00 28 32
00 00 00 00 00 00 1d 00  41 32 00 00 00 00 00 00
1d 00 ab 32 00 00 00 00  00 00 1d 00 bf 32 00 00
00 00 00 00 1d 00 c8 32  00 00 00 00 00 00 1d 00
02 33 00 00 00 00 00 00  1d 00 1c 33 00 00 00 00
00 00 1d 00 2d 33 00 00  00 00 00 00 1d 00 44 33
00 00 00 00 00 00 1d 00  bd 33 00 00 00 00 00 00
1d 00 e8 33 00 00 00 00  00 00 1d 00 18 34 00 00
00 00 00 00 1d 00 21 34  00 00 00 00 00 00 1d 00
53 34 00 00 00 00 00 00  1d 00 97 34 00 00 00 00
00 00 1d 00 ae 34 00 00  00 00 00 00 1d 00 bf 34
00 00 00 00 00 00 1d 00  c5 34 00 00 00 00 00 00
1d 00 27 35 00 00 00 00  00 00 1d 00 52 35 00 00
00 00 00 00 1d 00 7d 35  00 00 00 00 00 00 1d 00
86 35 00 00 00 00 00 00  1d 00 b0 35 00 00 00 00
00 00 1d 00 cd 35 00 00  00 00 00 00 1d 00 e2 35
00 00 00 00 00 00 1d 00  f3 35 00 00 00 00 00 00
1d 00 f9 35 00 00 00 00  00 00 1d 00 1b 36 00 00
00 00 00 00 1d 00 24 36  00 00 00 00 00 00 1d 00
aa 36 00 00 00 00 00 00  1d 00 c4 36 00 00 00 00
00 00 1d 00 d1 36 00 00  00 00 00 00 1d 00 d7 36
00 00 00 00 00 00 1d 00  e5 36 00 00 00 00 00 00
1d 00 f2 36 00 00 00 00  00 00 1d 00 f8 36 00 00
00 00 00 00 1d 00 1c 37  00 00 00 00 00 00 1d 00
29 37 00 00 00 00 00 00  1d 00 42 37 00 00 00 00
00 00 1d 00 4f 37 00 00  00 00 00 00 1d 00 63 37
00 00 00 00 00 00 1d 00  72 37 00 00 00 00 00 00
1d 00 8f 37 00 00 00 00  00 00 1d 00 98 37 00 00
00 00 00 00 1d 00 a5 37  00 00 00 00 00 00 1d 00
c5 37 00 00 00 00 00 00  1d 00 cb 37 00 00 00 00
00 00 1d 00 d4 37 00 00  00 00 00 00 1d 00 dd 37
00 00 00 00 00 00 1d 00  e6 37 00 00 00 00 00 00
1d 00 04 38 00 00 00 00  00 00 1d 00 0f 38 00 00
00 00 00 00 1d 00 20 38  00 00 00 00 00 00 1d 00
31 38 00 00 00 00 00 00  1d 00 b2 38 00 00 00 00
00 00 1d 00 3d 39 00 00  00 00 00 00 1d 00 54 39
00 00 00 00 00 00 1d 00  61 39 00 00 00 00 00 00
1d 00 67 39 00 00 00 00  00 00 1d 00 75 39 00 00
00 00 00 00 1d 00 82 39  00 00 00 00 00 00 1d 00
88 39 00 00 00 00 00 00  1d 00 ac 39 00 00 00 00
00 00 1d 00 b9 39 00 00  00 00 00 00 1d 00 d2 39
00 00 00 00 00 00 1d 00  df 39 00 00 00 00 00 00
1d 00 f3 39 00 00 00 00  00 00 1d 00 02 3a 00 00
00 00 00 00 1d 00 1f 3a  00 00 00 00 00 00 1d 00
28 3a 00 00 00 00 00 00  1d 00 35 3a 00 00 00 00
00 00 1d 00 55 3a 00 00  00 00 00 00 1d 00 5b 3a
00 00 00 00 00 00 1d 00  64 3a 00 00 00 00 00 00
1d 00 6d 3a 00 00 00 00  00 00 1d 00 76 3a 00 00
00 00 00 00 1d 00 94 3a  00 00 00 00 00 00 1d 00
9f 3a 00 00 00 00 00 00  1d 00 b0 3a 00 00 00 00
00 00 1d 00 c1 3a 00 00  00 00 00 00 1d 00 27 3b
00 00 00 00 00 00 1d 00  ed 3b 00 00 00 00 00 00
1d 00 21 3e 00 00 00 00  00 00 1d 00 8f 3e 00 00
00 00 00 00 1d 00 98 3f  00 00 00 00 00 00 1d 00
3e 40 00 00 00 00 00 00  1d 00 67 41 00 00 00 00
00 00 1d 00 9b 41 00 00  00 00 00 00 1d 00 20 42
00 00 00 00 00 00 1d 00  34 42 00 00 00 00 00 00
1d 00 74 42 00 00 00 00  00 00 1d 00 97 44 00 00
00 00 00 00 1d 00 54 45  00 00 00 00 00 00 1d 00
bf 45 00 00 00 00 00 00  1d 00 f0 45 00 00 00 00
00 00 1d 00 5e 46 00 00  00 00 00 00 1d 00 c3 49
00 00 00 00 00 00 1d 00  51 4a 00 00 00 00 00 00
1d 00 7b 4a 00 00 00 00  00 00 1d 00 d6 4a 00 00
00 00 00 00 1d 00 07 4b  00 00 00 00 00 00 1d 00
10 4b 00 00 00 00 00 00  1d 00 26 4b 00 00 00 00
00 00 1d 00 31 4b 00 00  00 00 00 00 1d 00 3d 4b
00 00 00 00 00 00 1d 00  51 4b 00 00 00 00 00 00
1d 00 57 4b 00 00 00 00  00 00 1d 00 60 4b 00 00
00 00 00 00 1d 00 69 4b  00 00 00 00 00 00 1d 00
78 4b 00 00 00 00 00 00  1d 00 7e 4b 00 00 00 00
00 00 1d 00 87 4b 00 00  00 00 00 00 1d 00 90 4b
00 00 00 00 00 00 1d 00  99 4b 00 00 00 00 00 00
1d 00 b1 4b 00 00 00 00  00 00 1d 00 ba 4b 00 00
00 00 00 00 1d 00 c2 4b  00 00 00 00 00 00 1d 00
ce 4b 00 00 00 00 00 00  1d 00 d7 4b 00 00 00 00
00 00 1d 00 2b 4c 00 00  00 00 00 00 1d 00 3e 4c
00 00 00 00 00 00 1d 00  46 4c 00 00 00 00 00 00
1d 00 57 4c 00 00 00 00  00 00 1d 00 5d 4c 00 00
00 00 00 00 1d 00 d7 4c  00 00 00 00 00 00 1d 00
01 4d 00 00 00 00 00 00  1d 00 5c 4d 00 00 00 00
00 00 1d 00 9e 4d 00 00  00 00 00 00 1d 00 a4 4d
00 00 00 00 00 00 1d 00  b8 4d 00 00 00 00 00 00
1d 00 be 4d 00 00 00 00  00 00 1d 00 c7 4d 00 00
00 00 00 00 1d 00 d0 4d  00 00 00 00 00 00 1d 00
d9 4d 00 00 00 00 00 00  1d 00 e2 4d 00 00 00 00
00 00 1d 00 eb 4d 00 00  00 00 00 00 1d 00 f7 4d
00 00 00 00 00 00 1d 00  fd 4d 00 00 00 00 00 00
1d 00 06 4e 00 00 00 00  00 00 1d 00 0f 4e 00 00
00 00 00 00 1d 00 18 4e  00 00 00 00 00 00 1d 00
52 4e 00 00 00 00 00 00  1d 00 8e 4e 00 00 00 00
00 00 1d 00 95 4e 00 00  00 00 00 00 1d 00 a7 4e
00 00 00 00 00 00 1d 00  ae 4e 00 00 00 00 00 00
1d 00 c0 4e 00 00 00 00  00 00 1d 00 c7 4e 00 00
00 00 00 00 1d 00 d9 4e  00 00 00 00 00 00 1d 00
e0 4e 00 00 00 00 00 00  1d 00 ec 4e 00 00 00 00
00 00 1d 00 56 4f 00 00  00 00 00 00 1d 00 65 4f
00 00 00 00 00 00 1d 00  9e 4f 00 00 00 00 00 00
1d 00 a5 4f 00 00 00 00  00 00 1d 00 b7 4f 00 00
00 00 00 00 1d 00 be 4f  00 00 00 00 00 00 1d 00
d0 4f 00 00 00 00 00 00  1d 00 d7 4f 00 00 00 00
00 00 1d 00 e9 4f 00 00  00 00 00 00 1d 00 f0 4f
00 00 00 00 00 00 1d 00  fc 4f 00 00 00 00 00 00
1d 00 6f 50 00 00 00 00  00 00 1d 00 7e 50 00 00
00 00 00 00 1d 00 c2 50  00 00 00 00 00 00 1d 00
3f 51 00 00 00 00 00 00  1d 00 69 51 00 00 00 00
00 00 1d 00 b5 51 00 00  00 00 00 00 1d 00 e1 51
00 00 00 00 00 00 1d 00  ea 51 00 00 00 00 00 00
1d 00 00 52 00 00 00 00  00 00 1d 00 0b 52 00 00
00 00 00 00 1d 00 17 52  00 00 00 00 00 00 1d 00
2b 52 00 00 00 00 00 00  1d 00 31 52 00 00 00 00
00 00 1d 00 3a 52 00 00  00 00 00 00 1d 00 43 52
00 00 00 00 00 00 1d 00  52 52 00 00 00 00 00 00
1d 00 58 52 00 00 00 00  00 00 1d 00 61 52 00 00
00 00 00 00 1d 00 6a 52  00 00 00 00 00 00 1d 00
73 52 00 00 00 00 00 00  1d 00 8b 52 00 00 00 00
00 00 1d 00 94 52 00 00  00 00 00 00 1d 00 9c 52
00 00 00 00 00 00 1d 00  a8 52 00 00 00 00 00 00
1d 00 b1 52 00 00 00 00  00 00 1d 00 05 53 00 00
00 00 00 00 1d 00 16 53  00 00 00 00 00 00 1d 00
1e 53 00 00 00 00 00 00  1d 00 2f 53 00 00 00 00
00 00 1d 00 35 53 00 00  00 00 00 00 1d 00 a3 53
00 00 00 00 00 00 1d 00  cd 53 00 00 00 00 00 00
1d 00 19 54 00 00 00 00  00 00 1d 00 51 54 00 00
00 00 00 00 1d 00 57 54  00 00 00 00 00 00 1d 00
6b 54 00 00 00 00 00 00  1d 00 71 54 00 00 00 00
00 00 1d 00 7a 54 00 00  00 00 00 00 1d 00 83 54
00 00 00 00 00 00 1d 00  8c 54 00 00 00 00 00 00
1d 00 95 54 00 00 00 00  00 00 1d 00 9e 54 00 00
00 00 00 00 1d 00 aa 54  00 00 00 00 00 00 1d 00
b0 54 00 00 00 00 00 00  1d 00 b9 54 00 00 00 00
00 00 1d 00 c2 54 00 00  00 00 00 00 1d 00 cb 54
00 00 00 00 00 00 1d 00  fb 54 00 00 00 00 00 00
1d 00 3d 55 00 00 00 00  00 00 1d 00 44 55 00 00
00 00 00 00 1d 00 56 55  00 00 00 00 00 00 1d 00
5d 55 00 00 00 00 00 00  1d 00 6f 55 00 00 00 00
00 00 1d 00 76 55 00 00  00 00 00 00 1d 00 88 55
00 00 00 00 00 00 1d 00  8f 55 00 00 00 00 00 00
1d 00 9b 55 00 00 00 00  00 00 1d 00 05 56 00 00
00 00 00 00 1d 00 14 56  00 00 00 00 00 00 1d 00
4d 56 00 00 00 00 00 00  1d 00 54 56 00 00 00 00
00 00 1d 00 66 56 00 00  00 00 00 00 1d 00 6d 56
00 00 00 00 00 00 1d 00  7f 56 00 00 00 00 00 00
1d 00 86 56 00 00 00 00  00 00 1d 00 98 56 00 00
00 00 00 00 1d 00 9f 56  00 00 00 00 00 00 1d 00
ab 56 00 00 00 00 00 00  1d 00 1e 57 00 00 00 00
00 00 1d 00 2d 57 00 00  00 00 00 00 1d 00 6d 57
00 00 00 00 00 00 1d 00  fe 57 00 00 00 00 00 00
1d 00 28 58 00 00 00 00  00 00 1d 00 83 58 00 00
00 00 00 00 1d 00 c4 58  00 00 00 00 00 00 1d 00
cd 58 00 00 00 00 00 00  1d 00 da 58 00 00 00 00
00 00 1d 00 ee 58 00 00  00 00 00 00 1d 00 f4 58
00 00 00 00 00 00 1d 00  fd 58 00 00 00 00 00 00
1d 00 06 59 00 00 00 00  00 00 1d 00 15 59 00 00
00 00 00 00 1d 00 1b 59  00 00 00 00 00 00 1d 00
24 59 00 00 00 00 00 00  1d 00 2d 59 00 00 00 00
00 00 1d 00 36 59 00 00  00 00 00 00 1d 00 3f 59
00 00 00 00 00 00 1d 00  54 59 00 00 00 00 00 00
1d 00 ab 59 00 00 00 00  00 00 1d 00 be 59 00 00
00 00 00 00 1d 00 c6 59  00 00 00 00 00 00 1d 00
d7 59 00 00 00 00 00 00  1d 00 dd 59 00 00 00 00
00 00 1d 00 57 5a 00 00  00 00 00 00 1d 00 81 5a
00 00 00 00 00 00 1d 00  dc 5a 00 00 00 00 00 00
1d 00 0d 5b 00 00 00 00  00 00 1d 00 26 5b 00 00
00 00 00 00 1d 00 2c 5b  00 00 00 00 00 00 1d 00
35 5b 00 00 00 00 00 00  1d 00 3e 5b 00 00 00 00
00 00 1d 00 47 5b 00 00  00 00 00 00 1d 00 53 5b
00 00 00 00 00 00 1d 00  59 5b 00 00 00 00 00 00
1d 00 62 5b 00 00 00 00  00 00 1d 00 6b 5b 00 00
00 00 00 00 1d 00 74 5b  00 00 00 00 00 00 1d 00
7d 5b 00 00 00 00 00 00  1d 00 ba 5b 00 00 00 00
00 00 1d 00 c5 5b 00 00  00 00 00 00 1d 00 fe 5b
00 00 00 00 00 00 1d 00  05 5c 00 00 00 00 00 00
1d 00 17 5c 00 00 00 00  00 00 1d 00 1e 5c 00 00
00 00 00 00 1d 00 30 5c  00 00 00 00 00 00 1d 00
37 5c 00 00 00 00 00 00  1d 00 49 5c 00 00 00 00
00 00 1d 00 50 5c 00 00  00 00 00 00 1d 00 5c 5c
00 00 00 00 00 00 1d 00  c6 5c 00 00 00 00 00 00
1d 00 d5 5c 00 00 00 00  00 00 1d 00 0e 5d 00 00
00 00 00 00 1d 00 15 5d  00 00 00 00 00 00 1d 00
27 5d 00 00 00 00 00 00  1d 00 2e 5d 00 00 00 00
00 00 1d 00 40 5d 00 00  00 00 00 00 1d 00 47 5d
00 00 00 00 00 00 1d 00  59 5d 00 00 00 00 00 00
1d 00 60 5d 00 00 00 00  00 00 1d 00 6c 5d 00 00
00 00 00 00 1d 00 df 5d  00 00 00 00 00 00 1d 00
ee 5d 00 00 00 00 00 00  1d 00 2c 5e 00 00 00 00
00 00 1d 00 ac 5e 00 00  00 00 00 00 1d 00 d6 5e
00 00 00 00 00 00 1d 00  22 5f 00 00 00 00 00 00
1d 00 5e 5f 00 00 00 00  00 00 1d 00 67 5f 00 00
00 00 00 00 1d 00 74 5f  00 00 00 00 00 00 1d 00
88 5f 00 00 00 00 00 00  1d 00 8e 5f 00 00 00 00
00 00 1d 00 97 5f 00 00  00 00 00 00 1d 00 a0 5f
00 00 00 00 00 00 1d 00  af 5f 00 00 00 00 00 00
1d 00 b5 5f 00 00 00 00  00 00 1d 00 be 5f 00 00
00 00 00 00 1d 00 c7 5f  00 00 00 00 00 00 1d 00
d0 5f 00 00 00 00 00 00  1d 00 d9 5f 00 00 00 00
00 00 1d 00 ee 5f 00 00  00 00 00 00 1d 00 35 60
00 00 00 00 00 00 1d 00  46 60 00 00 00 00 00 00
1d 00 4e 60 00 00 00 00  00 00 1d 00 5f 60 00 00
00 00 00 00 1d 00 65 60  00 00 00 00 00 00 1d 00
d3 60 00 00 00 00 00 00  1d 00 fd 60 00 00 00 00
00 00 1d 00 49 61 00 00  00 00 00 00 1d 00 75 61
00 00 00 00 00 00 1d 00  8e 61 00 00 00 00 00 00
1d 00 94 61 00 00 00 00  00 00 1d 00 9d 61 00 00
00 00 00 00 1d 00 a6 61  00 00 00 00 00 00 1d 00
af 61 00 00 00 00 00 00  1d 00 bb 61 00 00 00 00
00 00 1d 00 c1 61 00 00  00 00 00 00 1d 00 ca 61
00 00 00 00 00 00 1d 00  d3 61 00 00 00 00 00 00
1d 00 dc 61 00 00 00 00  00 00 1d 00 e5 61 00 00
00 00 00 00 1d 00 18 62  00 00 00 00 00 00 1d 00
23 62 00 00 00 00 00 00  1d 00 5d 62 00 00 00 00
00 00 1d 00 64 62 00 00  00 00 00 00 1d 00 76 62
00 00 00 00 00 00 1d 00  7d 62 00 00 00 00 00 00
1d 00 8f 62 00 00 00 00  00 00 1d 00 96 62 00 00
00 00 00 00 1d 00 a8 62  00 00 00 00 00 00 1d 00
af 62 00 00 00 00 00 00  1d 00 bb 62 00 00 00 00
00 00 1d 00 25 63 00 00  00 00 00 00 1d 00 34 63
00 00 00 00 00 00 1d 00  6d 63 00 00 00 00 00 00
1d 00 74 63 00 00 00 00  00 00 1d 00 86 63 00 00
00 00 00 00 1d 00 8d 63  00 00 00 00 00 00 1d 00
9f 63 00 00 00 00 00 00  1d 00 a6 63 00 00 00 00
00 00 1d 00 b8 63 00 00  00 00 00 00 1d 00 bf 63
00 00 00 00 00 00 1d 00  cb 63 00 00 00 00 00 00
1d 00 3e 64 00 00 00 00  00 00 1d 00 4d 64 00 00
00 00 00 00 1d 00 3c 65  00 00 00 00 00 00 1d 00
88 65 00 00 00 00 00 00  1d 00 5f 66 00 00 00 00
00 00 1d 00 0c 67 00 00  00 00 00 00 1d 00 1a 67
00 00 00 00 00 00 1d 00  26 67 00 00 00 00 00 00
1d 00 83 67 00 00 00 00  00 00 1d 00 a4 67 00 00
00 00 00 00 1d 00 bd 67  00 00 00 00 00 00 1d 00
08 68 00 00 00 00 00 00  1d 00 41 68 00 00 00 00
00 00 1d 00 58 68 00 00  00 00 00 00 1d 00 67 68
00 00 00 00 00 00 1d 00  92 68 00 00 00 00 00 00
1d 00 ef 68 00 00 00 00  00 00 1d 00 4f 69 00 00
00 00 00 00 1d 00 5b 69  00 00 00 00 00 00 1d 00
80 69 00 00 00 00 00 00  1d 00 ba 69 00 00 00 00
00 00 1d 00 be 69 00 00  00 00 00 00 1d 00 c2 69
00 00 00 00 00 00 1d 00  c6 69 00 00 00 00 00 00
1d 00 25 6a 00 00 00 00  00 00 1d 00 2d 6a 00 00
00 00 00 00 1d 00 3e 6a  00 00 00 00 00 00 1d 00
44 6a 00 00 00 00 00 00  1d 00 c0 6a 00 00 00 00
00 00 1d 00 ef 6a 00 00  00 00 00 00 1d 00 ae 6b
00 00 00 00 00 00 1d 00  85 6c 00 00 00 00 00 00
1d 00 89 6c 00 00 00 00  00 00 1d 00 8d 6c 00 00
00 00 00 00 1d 00 91 6c  00 00 00 00 00 00 1d 00
56 6d 00 00 00 00 00 00  1d 00 e3 6d 00 00 00 00
00 00 1d 00 f1 6d 00 00  00 00 00 00 1d 00 ff 6d
00 00 00 00 00 00 1d 00  56 6e 00 00 00 00 00 00
1d 00 77 6e 00 00 00 00  00 00 1d 00 8a 6e 00 00
00 00 00 00 1d 00 c8 6e  00 00 00 00 00 00 1d 00
f8 6e 00 00 00 00 00 00  1d 00 09 6f 00 00 00 00
00 00 1d 00 18 6f 00 00  00 00 00 00 1d 00 41 6f
00 00 00 00 00 00 1d 00  98 6f 00 00 00 00 00 00
1d 00 f2 6f 00 00 00 00  00 00 1d 00 fe 6f 00 00
00 00 00 00 1d 00 1d 70  00 00 00 00 00 00 1d 00
8d 70 00 00 00 00 00 00  1d 00 95 70 00 00 00 00
00 00 1d 00 a6 70 00 00  00 00 00 00 1d 00 ac 70
00 00 00 00 00 00 1d 00  1e 71 00 00 00 00 00 00
1d 00 d4 71 00 00 00 00  00 00 1d 00 42 72 00 00
00 00 00 00 1d 00 48 72  00 00 00 00 00 00 1d 00
b0 72 00 00 00 00 00 00  1d 00 b6 72 00 00 00 00
00 00 1d 00 d5 72 00 00  00 00 00 00 1d 00 e7 72
00 00 00 00 00 00 1d 00  ed 72 00 00 00 00 00 00
1d 00 0c 73 00 00 00 00  00 00 1d 00 26 73 00 00
00 00 00 00 1d 00 5f 73  00 00 00 00 00 00 1d 00
a2 73 00 00 00 00 00 00  1d 00 c0 73 00 00 00 00
00 00 1d 00 c6 73 00 00  00 00 00 00 1d 00 ea 73
00 00 00 00 00 00 1d 00  fc 73 00 00 00 00 00 00
1d 00 1d 74 00 00 00 00  00 00 1d 00 32 74 00 00
00 00 00 00 1d 00 70 74  00 00 00 00 00 00 1d 00
76 74 00 00 00 00 00 00  1d 00 7f 74 00 00 00 00
00 00 1d 00 88 74 00 00  00 00 00 00 1d 00 91 74
00 00 00 00 00 00 1d 00  9a 74 00 00 00 00 00 00
1d 00 a6 74 00 00 00 00  00 00 1d 00 ac 74 00 00
00 00 00 00 1d 00 b5 74  00 00 00 00 00 00 1d 00
be 74 00 00 00 00 00 00  1d 00 c7 74 00 00 00 00
00 00 1d 00 d0 74 00 00  00 00 00 00 1d 00 e8 74
00 00 00 00 00 00 1d 00  0e 75 00 00 00 00 00 00
1d 00 14 75 00 00 00 00  00 00 1d 00 1d 75 00 00
00 00 00 00 1d 00 26 75  00 00 00 00 00 00 1d 00
2f 75 00 00 00 00 00 00  1d 00 3b 75 00 00 00 00
00 00 1d 00 41 75 00 00  00 00 00 00 1d 00 4a 75
00 00 00 00 00 00 1d 00  53 75 00 00 00 00 00 00
1d 00 5c 75 00 00 00 00  00 00 1d 00 68 75 00 00
00 00 00 00 1d 00 6e 75  00 00 00 00 00 00 1d 00
77 75 00 00 00 00 00 00  1d 00 80 75 00 00 00 00
00 00 1d 00 89 75 00 00  00 00 00 00 1d 00 a4 75
00 00 00 00 00 00 1d 00  af 75 00 00 00 00 00 00
1d 00 c6 75 00 00 00 00  00 00 1d 00 cc 75 00 00
00 00 00 00 1d 00 d5 75  00 00 00 00 00 00 1d 00
de 75 00 00 00 00 00 00  1d 00 e7 75 00 00 00 00
00 00 1d 00 f0 75 00 00  00 00 00 00 1d 00 ff 75
00 00 00 00 00 00 1d 00  05 76 00 00 00 00 00 00
1d 00 0e 76 00 00 00 00  00 00 1d 00 17 76 00 00
00 00 00 00 1d 00 20 76  00 00 00 00 00 00 1d 00
29 76 00 00 00 00 00 00  1d 00 32 76 00 00 00 00
00 00 1d 00 66 76 00 00  00 00 00 00 1d 00 78 76
00 00 00 00 00 00 1d 00  7e 76 00 00 00 00 00 00
1d 00 87 76 00 00 00 00  00 00 1d 00 90 76 00 00
00 00 00 00 1d 00 99 76  00 00 00 00 00 00 1d 00
a2 76 00 00 00 00 00 00  1d 00 ab 76 00 00 00 00
00 00 1d 00 ba 76 00 00  00 00 00 00 1d 00 c0 76
00 00 00 00 00 00 1d 00  c9 76 00 00 00 00 00 00
1d 00 d2 76 00 00 00 00  00 00 1d 00 db 76 00 00
00 00 00 00 1d 00 e4 76  00 00 00 00 00 00 1d 00
ed 76 00 00 00 00 00 00  1d 00 f6 76 00 00 00 00
00 00 1d 00 0a 77 00 00  00 00 00 00 1d 00 2c 77
00 00 00 00 00 00 1d 00  35 77 00 00 00 00 00 00
1d 00 44 77 00 00 00 00  00 00 1d 00 53 77 00 00
00 00 00 00 1d 00 62 77  00 00 00 00 00 00 1d 00
71 77 00 00 00 00 00 00  1d 00 b3 77 00 00 00 00
00 00 1d 00 c5 77 00 00  00 00 00 00 1d 00 cb 77
00 00 00 00 00 00 1d 00  d4 77 00 00 00 00 00 00
1d 00 dd 77 00 00 00 00  00 00 1d 00 e6 77 00 00
00 00 00 00 1d 00 ef 77  00 00 00 00 00 00 1d 00
f8 77 00 00 00 00 00 00  1d 00 04 78 00 00 00 00
00 00 1d 00 0d 78 00 00  00 00 00 00 1d 00 2e 78
00 00 00 00 00 00 1d 00  4e 78 00 00 00 00 00 00
1d 00 52 78 00 00 00 00  00 00 1d 00 56 78 00 00
00 00 00 00 1d 00 5a 78  00 00 00 00 00 00 1d 00
5e 78 00 00 00 00 00 00  1d 00 9f 78 00 00 00 00
00 00 1d 00 ab 78 00 00  00 00 00 00 1d 00 f2 78
00 00 00 00 00 00 1d 00  11 79 00 00 00 00 00 00
1d 00 2a 79 00 00 00 00  00 00 1d 00 48 79 00 00
00 00 00 00 1d 00 8d 79  00 00 00 00 00 00 1d 00
95 79 00 00 00 00 00 00  1d 00 a1 79 00 00 00 00
00 00 1d 00 c0 79 00 00  00 00 00 00 1d 00 cc 79
00 00 00 00 00 00 1d 00  d5 79 00 00 00 00 00 00
1d 00 f3 79 00 00 00 00  00 00 1d 00 ff 79 00 00
00 00 00 00 1d 00 08 7a  00 00 00 00 00 00 1d 00
21 7a 00 00 00 00 00 00  1d 00 30 7a 00 00 00 00
00 00 1d 00 36 7a 00 00  00 00 00 00 1d 00 53 7a
00 00 00 00 00 00 1d 00  62 7a 00 00 00 00 00 00
1d 00 68 7a 00 00 00 00  00 00 1d 00 86 7a 00 00
00 00 00 00 1d 00 8a 7a  00 00 00 00 00 00 1d 00
8e 7a 00 00 00 00 00 00  1d 00 92 7a 00 00 00 00
00 00 1d 00 96 7a 00 00  00 00 00 00 1d 00 9a 7a
00 00 00 00 00 00 1d 00  9e 7a 00 00 00 00 00 00
1d 00 b4 7a 00 00 00 00  00 00 1d 00 17 7b 00 00
00 00 00 00 1d 00 1d 7b  00 00 00 00 00 00 1d 00
7e 7b 00 00 00 00 00 00  1d 00 84 7b 00 00 00 00
00 00 1d 00 9e 7b 00 00  00 00 00 00 1d 00 b0 7b
00 00 00 00 00 00 1d 00  b6 7b 00 00 00 00 00 00
1d 00 d3 7b 00 00 00 00  00 00 1d 00 eb 7b 00 00
00 00 00 00 1d 00 57 7c  00 00 00 00 00 00 1d 00
75 7c 00 00 00 00 00 00  1d 00 7b 7c 00 00 00 00
00 00 1d 00 9f 7c 00 00  00 00 00 00 1d 00 b1 7c
00 00 00 00 00 00 1d 00  d2 7c 00 00 00 00 00 00
1d 00 e7 7c 00 00 00 00  00 00 1d 00 25 7d 00 00
00 00 00 00 1d 00 2b 7d  00 00 00 00 00 00 1d 00
34 7d 00 00 00 00 00 00  1d 00 3d 7d 00 00 00 00
00 00 1d 00 46 7d 00 00  00 00 00 00 1d 00 4f 7d
00 00 00 00 00 00 1d 00  5b 7d 00 00 00 00 00 00
1d 00 61 7d 00 00 00 00  00 00 1d 00 6a 7d 00 00
00 00 00 00 1d 00 73 7d  00 00 00 00 00 00 1d 00
7c 7d 00 00 00 00 00 00  1d 00 85 7d 00 00 00 00
00 00 1d 00 9d 7d 00 00  00 00 00 00 1d 00 c3 7d
00 00 00 00 00 00 1d 00  c9 7d 00 00 00 00 00 00
1d 00 d2 7d 00 00 00 00  00 00 1d 00 db 7d 00 00
00 00 00 00 1d 00 e4 7d  00 00 00 00 00 00 1d 00
f0 7d 00 00 00 00 00 00  1d 00 f6 7d 00 00 00 00
00 00 1d 00 ff 7d 00 00  00 00 00 00 1d 00 08 7e
00 00 00 00 00 00 1d 00  11 7e 00 00 00 00 00 00
1d 00 1d 7e 00 00 00 00  00 00 1d 00 23 7e 00 00
00 00 00 00 1d 00 2c 7e  00 00 00 00 00 00 1d 00
35 7e 00 00 00 00 00 00  1d 00 3e 7e 00 00 00 00
00 00 1d 00 59 7e 00 00  00 00 00 00 1d 00 64 7e
00 00 00 00 00 00 1d 00  7b 7e 00 00 00 00 00 00
1d 00 81 7e 00 00 00 00  00 00 1d 00 8a 7e 00 00
00 00 00 00 1d 00 93 7e  00 00 00 00 00 00 1d 00
9c 7e 00 00 00 00 00 00  1d 00 a5 7e 00 00 00 00
00 00 1d 00 b4 7e 00 00  00 00 00 00 1d 00 ba 7e
00 00 00 00 00 00 1d 00  c3 7e 00 00 00 00 00 00
1d 00 cc 7e 00 00 00 00  00 00 1d 00 d5 7e 00 00
00 00 00 00 1d 00 de 7e  00 00 00 00 00 00 1d 00
e7 7e 00 00 00 00 00 00  1d 00 1b 7f 00 00 00 00
00 00 1d 00 2d 7f 00 00  00 00 00 00 1d 00 33 7f
00 00 00 00 00 00 1d 00  3c 7f 00 00 00 00 00 00
1d 00 45 7f 00 00 00 00  00 00 1d 00 4e 7f 00 00
00 00 00 00 1d 00 57 7f  00 00 00 00 00 00 1d 00
60 7f 00 00 00 00 00 00  1d 00 6f 7f 00 00 00 00
00 00 1d 00 75 7f 00 00  00 00 00 00 1d 00 7e 7f
00 00 00 00 00 00 1d 00  87 7f 00 00 00 00 00 00
1d 00 90 7f 00 00 00 00  00 00 1d 00 99 7f 00 00
00 00 00 00 1d 00 a2 7f  00 00 00 00 00 00 1d 00
ab 7f 00 00 00 00 00 00  1d 00 bf 7f 00 00 00 00
00 00 1d 00 e1 7f 00 00  00 00 00 00 1d 00 ea 7f
00 00 00 00 00 00 1d 00  f9 7f 00 00 00 00 00 00
1d 00 08 80 00 00 00 00  00 00 1d 00 17 80 00 00
00 00 00 00 1d 00 26 80  00 00 00 00 00 00 1d 00
61 80 00 00 00 00 00 00  1d 00 73 80 00 00 00 00
00 00 1d 00 79 80 00 00  00 00 00 00 1d 00 82 80
00 00 00 00 00 00 1d 00  8b 80 00 00 00 00 00 00
1d 00 94 80 00 00 00 00  00 00 1d 00 9d 80 00 00
00 00 00 00 1d 00 a6 80  00 00 00 00 00 00 1d 00
b2 80 00 00 00 00 00 00  1d 00 bb 80 00 00 00 00
00 00 1d 00 d7 80 00 00  00 00 00 00 1d 00 f7 80
00 00 00 00 00 00 1d 00  fb 80 00 00 00 00 00 00
1d 00 ff 80 00 00 00 00  00 00 1d 00 03 81 00 00
00 00 00 00 1d 00 07 81  00 00 00 00 00 00 1d 00
3e 81 00 00 00 00 00 00  1d 00 45 81 00 00 00 00
00 00 1d 00 88 81 00 00  00 00 00 00 1d 00 a5 81
00 00 00 00 00 00 1d 00  be 81 00 00 00 00 00 00
1d 00 dc 81 00 00 00 00  00 00 1d 00 21 82 00 00
00 00 00 00 1d 00 28 82  00 00 00 00 00 00 1d 00
2f 82 00 00 00 00 00 00  1d 00 4c 82 00 00 00 00
00 00 1d 00 53 82 00 00  00 00 00 00 1d 00 5c 82
00 00 00 00 00 00 1d 00  75 82 00 00 00 00 00 00
1d 00 7c 82 00 00 00 00  00 00 1d 00 85 82 00 00
00 00 00 00 1d 00 9b 82  00 00 00 00 00 00 1d 00
a5 82 00 00 00 00 00 00  1d 00 ab 82 00 00 00 00
00 00 1d 00 c6 82 00 00  00 00 00 00 1d 00 d0 82
00 00 00 00 00 00 1d 00  d6 82 00 00 00 00 00 00
1d 00 f2 82 00 00 00 00  00 00 1d 00 f6 82 00 00
00 00 00 00 1d 00 fa 82  00 00 00 00 00 00 1d 00
fe 82 00 00 00 00 00 00  1d 00 02 83 00 00 00 00
00 00 1d 00 06 83 00 00  00 00 00 00 1d 00 0a 83
00 00 00 00 00 00 1d 00  4b 83 00 00 00 00 00 00
1d 00 53 83 00 00 00 00  00 00 1d 00 6a 83 00 00
00 00 00 00 1d 00 81 83  00 00 00 00 00 00 1d 00
0c 84 00 00 00 00 00 00  1d 00 29 84 00 00 00 00
00 00 1d 00 41 84 00 00  00 00 00 00 1d 00 52 84
00 00 00 00 00 00 1d 00  5b 84 00 00 00 00 00 00
1d 00 6e 84 00 00 00 00  00 00 1d 00 77 84 00 00
00 00 00 00 1d 00 99 84  00 00 00 00 00 00 1d 00
a2 84 00 00 00 00 00 00  1d 00 b5 84 00 00 00 00
00 00 1d 00 f6 84 00 00  00 00 00 00 1d 00 fc 84
00 00 00 00 00 00 1d 00  05 85 00 00 00 00 00 00
1d 00 14 85 00 00 00 00  00 00 1d 00 1a 85 00 00
00 00 00 00 1d 00 23 85  00 00 00 00 00 00 1d 00
2c 85 00 00 00 00 00 00  1d 00 4c 85 00 00 00 00
00 00 1d 00 75 85 00 00  00 00 00 00 1d 00 87 85
00 00 00 00 00 00 1d 00  b0 85 00 00 00 00 00 00
1d 00 c2 85 00 00 00 00  00 00 1d 00 1b 86 00 00
00 00 00 00 1d 00 23 86  00 00 00 00 00 00 1d 00
3a 86 00 00 00 00 00 00  1d 00 51 86 00 00 00 00
00 00 1d 00 e1 86 00 00  00 00 00 00 1d 00 fb 86
00 00 00 00 00 00 1d 00  0a 87 00 00 00 00 00 00
1d 00 52 87 00 00 00 00  00 00 1d 00 5a 87 00 00
00 00 00 00 1d 00 71 87  00 00 00 00 00 00 1d 00
88 87 00 00 00 00 00 00  1d 00 0e 88 00 00 00 00
00 00 1d 00 23 88 00 00  00 00 00 00 1d 00 32 88
00 00 00 00 00 00 1d 00  72 88 00 00 00 00 00 00
1d 00 7a 88 00 00 00 00  00 00 1d 00 91 88 00 00
00 00 00 00 1d 00 a8 88  00 00 00 00 00 00 1d 00
29 89 00 00 00 00 00 00  1d 00 47 89 00 00 00 00
00 00 1d 00 5f 89 00 00  00 00 00 00 1d 00 70 89
00 00 00 00 00 00 1d 00  79 89 00 00 00 00 00 00
1d 00 8c 89 00 00 00 00  00 00 1d 00 95 89 00 00
00 00 00 00 1d 00 b7 89  00 00 00 00 00 00 1d 00
c0 89 00 00 00 00 00 00  1d 00 d3 89 00 00 00 00
00 00 1d 00 13 8a 00 00  00 00 00 00 1d 00 19 8a
00 00 00 00 00 00 1d 00  22 8a 00 00 00 00 00 00
1d 00 31 8a 00 00 00 00  00 00 1d 00 37 8a 00 00
00 00 00 00 1d 00 40 8a  00 00 00 00 00 00 1d 00
49 8a 00 00 00 00 00 00  1d 00 69 8a 00 00 00 00
00 00 1d 00 92 8a 00 00  00 00 00 00 1d 00 a4 8a
00 00 00 00 00 00 1d 00  cd 8a 00 00 00 00 00 00
1d 00 df 8a 00 00 00 00  00 00 1d 00 5e 8b 00 00
00 00 00 00 1d 00 d0 8c  00 00 00 00 00 00 1d 00
fa 8c 00 00 00 00 00 00  1d 00 20 8d 00 00 00 00
00 00 1d 00 b7 8d 00 00  00 00 00 00 1d 00 53 8e
00 00 00 00 00 00 1d 00  6a 8e 00 00 00 00 00 00
1d 00 9e 8e 00 00 00 00  00 00 1d 00 a4 8e 00 00
00 00 00 00 1d 00 b2 8e  00 00 00 00 00 00 1d 00
b8 8e 00 00 00 00 00 00  1d 00 de 8e 00 00 00 00
00 00 1d 00 e4 8e 00 00  00 00 00 00 1d 00 f2 8e
00 00 00 00 00 00 1d 00  f8 8e 00 00 00 00 00 00
1d 00 21 8f 00 00 00 00  00 00 1d 00 27 8f 00 00
00 00 00 00 1d 00 38 8f  00 00 00 00 00 00 1d 00
3e 8f 00 00 00 00 00 00  1d 00 67 8f 00 00 00 00
00 00 1d 00 6d 8f 00 00  00 00 00 00 1d 00 7e 8f
00 00 00 00 00 00 1d 00  84 8f 00 00 00 00 00 00
1d 00 9e 8f 00 00 00 00  00 00 1d 00 b6 8f 00 00
00 00 00 00 1d 00 bc 8f  00 00 00 00 00 00 1d 00
c8 8f 00 00 00 00 00 00  1d 00 d3 8f 00 00 00 00
00 00 1d 00 e8 8f 00 00  00 00 00 00 1d 00 f1 8f
00 00 00 00 00 00 1d 00  55 90 00 00 00 00 00 00
1d 00 25 91 00 00 00 00  00 00 1d 00 38 91 00 00
00 00 00 00 1d 00 3e 91  00 00 00 00 00 00 1d 00
7f 91 00 00 00 00 00 00  1d 00 d5 91 00 00 00 00
00 00 1d 00 28 92 00 00  00 00 00 00 1d 00 2e 92
00 00 00 00 00 00 1d 00  3a 92 00 00 00 00 00 00
1d 00 46 92 00 00 00 00  00 00 1d 00 52 92 00 00
00 00 00 00 1d 00 5e 92  00 00 00 00 00 00 1d 00
9c 92 00 00 00 00 00 00  1d 00 e0 92 00 00 00 00
00 00 1d 00 59 93 00 00  00 00 00 00 1d 00 68 93
00 00 00 00 00 00 1d 00  74 93 00 00 00 00 00 00
1d 00 83 93 00 00 00 00  00 00 1d 00 a5 93 00 00
00 00 00 00 1d 00 f0 93  00 00 00 00 00 00 1d 00
9c 94 00 00 00 00 00 00  1d 00 a2 94 00 00 00 00
00 00 1d 00 b0 94 00 00  00 00 00 00 1d 00 cb 94
00 00 00 00 00 00 1d 00  d1 94 00 00 00 00 00 00
1d 00 04 95 00 00 00 00  00 00 1d 00 0a 95 00 00
00 00 00 00 1d 00 2b 95  00 00 00 00 00 00 1d 00
31 95 00 00 00 00 00 00  1d 00 9f 95 00 00 00 00
00 00 1d 00 53 96 00 00  00 00 00 00 1d 00 68 96
00 00 00 00 00 00 1d 00  74 96 00 00 00 00 00 00
1d 00 a6 96 00 00 00 00  00 00 1d 00 ac 96 00 00
00 00 00 00 1d 00 b8 96  00 00 00 00 00 00 1d 00
c4 96 00 00 00 00 00 00  1d 00 d0 96 00 00 00 00
00 00 1d 00 fa 96 00 00  00 00 00 00 1d 00 1c 97
00 00 00 00 00 00 1d 00  04 98 00 00 00 00 00 00
1d 00 c8 98 00 00 00 00  00 00 1d 00 f2 98 00 00
00 00 00 00 1d 00 18 99  00 00 00 00 00 00 1d 00
95 99 00 00 00 00 00 00  1d 00 05 9a 00 00 00 00
00 00 1d 00 19 9a 00 00  00 00 00 00 1d 00 43 9a
00 00 00 00 00 00 1d 00  49 9a 00 00 00 00 00 00
1d 00 5a 9a 00 00 00 00  00 00 1d 00 60 9a 00 00
00 00 00 00 1d 00 89 9a  00 00 00 00 00 00 1d 00
8f 9a 00 00 00 00 00 00  1d 00 a0 9a 00 00 00 00
00 00 1d 00 a6 9a 00 00  00 00 00 00 1d 00 c0 9a
00 00 00 00 00 00 1d 00  cf 9a 00 00 00 00 00 00
1d 00 d5 9a 00 00 00 00  00 00 1d 00 de 9a 00 00
00 00 00 00 1d 00 e9 9a  00 00 00 00 00 00 1d 00
f8 9a 00 00 00 00 00 00  1d 00 01 9b 00 00 00 00
00 00 1d 00 5f 9b 00 00  00 00 00 00 1d 00 0b 9c
00 00 00 00 00 00 1d 00  1b 9c 00 00 00 00 00 00
1d 00 21 9c 00 00 00 00  00 00 1d 00 af 9c 00 00
00 00 00 00 1d 00 f3 9c  00 00 00 00 00 00 1d 00
f9 9c 00 00 00 00 00 00  1d 00 05 9d 00 00 00 00
00 00 1d 00 11 9d 00 00  00 00 00 00 1d 00 1d 9d
00 00 00 00 00 00 1d 00  29 9d 00 00 00 00 00 00
1d 00 5b 9d 00 00 00 00  00 00 1d 00 a2 9d 00 00
00 00 00 00 1d 00 1b 9e  00 00 00 00 00 00 1d 00
27 9e 00 00 00 00 00 00  1d 00 33 9e 00 00 00 00
00 00 1d 00 3f 9e 00 00  00 00 00 00 1d 00 58 9e
00 00 00 00 00 00 1d 00  9f 9e 00 00 00 00 00 00
1d 00 28 9f 00 00 00 00  00 00 1d 00 2e 9f 00 00
00 00 00 00 1d 00 45 9f  00 00 00 00 00 00 1d 00
5d 9f 00 00 00 00 00 00  1d 00 63 9f 00 00 00 00
00 00 1d 00 84 9f 00 00  00 00 00 00 1d 00 8a 9f
00 00 00 00 00 00 1d 00  b1 9f 00 00 00 00 00 00
1d 00 b7 9f 00 00 00 00  00 00 1d 00 a1 a0 00 00
00 00 00 00 1d 00 b3 a0  00 00 00 00 00 00 1d 00
bc a0 00 00 00 00 00 00  1d 00 e2 a0 00 00 00 00
00 00 1d 00 e8 a0 00 00  00 00 00 00 1d 00 f1 a0
00 00 00 00 00 00 1d 00  fa a0 00 00 00 00 00 00
1d 00 03 a1 00 00 00 00  00 00 1d 00 1b a1 00 00
00 00 00 00 1d 00 34 a1  00 00 00 00 00 00 1d 00
db a1 00 00 00 00 00 00  1d 00 01 a2 00 00 00 00
00 00 1d 00 16 a2 00 00  00 00 00 00 1d 00 29 a2
00 00 00 00 00 00 1d 00  3a a2 00 00 00 00 00 00
1d 00 43 a2 00 00 00 00  00 00 1d 00 56 a2 00 00
00 00 00 00 1d 00 6f a2  00 00 00 00 00 00 1d 00
84 a2 00 00 00 00 00 00  1d 00 97 a2 00 00 00 00
00 00 1d 00 a8 a2 00 00  00 00 00 00 1d 00 b1 a2
00 00 00 00 00 00 1d 00  c4 a2 00 00 00 00 00 00
1d 00 f9 a2 00 00 00 00  00 00 1d 00 ff a2 00 00
00 00 00 00 1d 00 13 a3  00 00 00 00 00 00 1d 00
22 a3 00 00 00 00 00 00  1d 00 38 a3 00 00 00 00
00 00 1d 00 9d a3 00 00  00 00 00 00 1d 00 b2 a3
00 00 00 00 00 00 1d 00  0c a4 00 00 00 00 00 00
1d 00 21 a4 00 00 00 00  00 00 1d 00 52 a5 00 00
00 00 00 00 1d 00 6d a5  00 00 00 00 00 00 1d 00
8a a5 00 00 00 00 00 00  1d 00 3b a6 00 00 00 00
00 00 1d 00 55 a6 00 00  00 00 00 00 1d 00 68 a6
00 00 00 00 00 00 1d 00  79 a6 00 00 00 00 00 00
1d 00 82 a6 00 00 00 00  00 00 1d 00 95 a6 00 00
00 00 00 00 1d 00 ae a6  00 00 00 00 00 00 1d 00
c8 a6 00 00 00 00 00 00  1d 00 db a6 00 00 00 00
00 00 1d 00 ec a6 00 00  00 00 00 00 1d 00 f5 a6
00 00 00 00 00 00 1d 00  08 a7 00 00 00 00 00 00
1d 00 38 a7 00 00 00 00  00 00 1d 00 3e a7 00 00
00 00 00 00 1d 00 52 a7  00 00 00 00 00 00 1d 00
61 a7 00 00 00 00 00 00  1d 00 7d a7 00 00 00 00
00 00 1d 00 e2 a7 00 00  00 00 00 00 1d 00 f7 a7
00 00 00 00 00 00 1d 00  4a a8 00 00 00 00 00 00
1d 00 5f a8 00 00 00 00  00 00 1d 00 46 a9 00 00
00 00 00 00 1d 00 61 a9  00 00 00 00 00 00 1d 00
7e a9 00 00 00 00 00 00  1d 00 ae aa 00 00 00 00
00 00 1d 00 1e ab 00 00  00 00 00 00 1d 00 43 ac
00 00 00 00 00 00 1d 00  a9 ac 00 00 00 00 00 00
1d 00 62 ad 00 00 00 00  00 00 1d 00 b7 ad 00 00
00 00 00 00 1d 00 e1 ad  00 00 00 00 00 00 1d 00
63 ae 00 00 00 00 00 00  1d 00 b3 ae 00 00 00 00
00 00 1d 00 d8 ae 00 00  00 00 00 00 1d 00 48 af
00 00 00 00 00 00 1d 00  75 af 00 00 00 00 00 00
1d 00 7e af 00 00 00 00  00 00 1d 00 b8 af 00 00
00 00 00 00 1d 00 ca af  00 00 00 00 00 00 1d 00
df af 00 00 00 00 00 00  1d 00 56 b0 00 00 00 00
00 00 1d 00 7e b0 00 00  00 00 00 00 1d 00 ee b0
00 00 00 00 00 00 1d 00  f7 b0 00 00 00 00 00 00
1d 00 2c b1 00 00 00 00  00 00 1d 00 3e b1 00 00
00 00 00 00 1d 00 50 b1  00 00 00 00 00 00 1d 00
98 b1 00 00 00 00 00 00  1d 00 be b1 00 00 00 00
00 00 1d 00 61 b4 00 00  00 00 00 00 1d 00 67 b4
00 00 00 00 00 00 1d 00  70 b4 00 00 00 00 00 00
1d 00 7d b4 00 00 00 00  00 00 1d 00 83 b4 00 00
00 00 00 00 1d 00 a7 b4  00 00 00 00 00 00 1d 00
7b b6 00 00 00 00 00 00  1d 00 81 b6 00 00 00 00
00 00 1d 00 8a b6 00 00  00 00 00 00 1d 00 97 b6
00 00 00 00 00 00 1d 00  9d b6 00 00 00 00 00 00
1d 00 a6 b6 00 00 00 00  00 00 1d 00 19 b8 00 00
00 00 00 00 1d 00 2d b8  00 00 00 00 00 00 1d 00
33 b8 00 00 00 00 00 00  1d 00 3c b8 00 00 00 00
00 00 1d 00 45 b8 00 00  00 00 00 00 1d 00 4e b8
00 00 00 00 00 00 1d 00  57 b8 00 00 00 00 00 00
1d 00 6c b8 00 00 00 00  00 00 1d 00 85 b8 00 00
00 00 00 00 1d 00 96 b8  00 00 00 00 00 00 1d 00
bd b8 00 00 00 00 00 00  1d 00 cc b8 00 00 00 00
00 00 1d 00 28 b9 00 00  00 00 00 00 1d 00 3c b9
00 00 00 00 00 00 1d 00  42 b9 00 00 00 00 00 00
1d 00 4b b9 00 00 00 00  00 00 1d 00 54 b9 00 00
00 00 00 00 1d 00 5d b9  00 00 00 00 00 00 1d 00
66 b9 00 00 00 00 00 00  1d 00 7b b9 00 00 00 00
00 00 1d 00 94 b9 00 00  00 00 00 00 1d 00 c4 b9
00 00 00 00 00 00 1d 00  d3 b9 00 00 00 00 00 00
1d 00 0f ba 00 00 00 00  00 00 1d 00 ac ba 00 00
00 00 00 00 1d 00 02 bb  00 00 00 00 00 00 1d 00
c4 bb 00 00 00 00 00 00  1d 00 e7 bb 00 00 00 00
00 00 1d 00 3e bc 00 00  00 00 00 00 1d 00 52 bc
00 00 00 00 00 00 1d 00  0b bd 00 00 00 00 00 00
1d 00 12 be 00 00 00 00  00 00 1d 00 31 be 00 00
00 00 00 00 1d 00 51 be  00 00 00 00 00 00 1d 00
34 bf 00 00 00 00 00 00  1d 00 bb bf 00 00 00 00
00 00 1d 00 34 c0 00 00  00 00 00 00 1d 00 41 c0
00 00 00 00 00 00 1d 00  64 c0 00 00 00 00 00 00
1d 00 cd c0 00 00 00 00  00 00 1d 00 1e c1 00 00
00 00 00 00 1d 00 4a c1  00 00 00 00 00 00 1d 00
9d c1 00 00 00 00 00 00  1d 00 f0 c1 00 00 00 00
00 00 1d 00 f6 c1 00 00  00 00 00 00 1d 00 69 c2
00 00 00 00 00 00 1d 00  28 c4 00 00 00 00 00 00
1d 00 c5 c4 00 00 00 00  00 00 1d 00 c9 c4 00 00
00 00 00 00 1d 00 cd c4  00 00 00 00 00 00 1d 00
d1 c4 00 00 00 00 00 00  1d 00 ef c4 00 00 00 00
00 00 1d 00 8d c5 00 00  00 00 00 00 1d 00 a3 c6
00 00 00 00 00 00 1d 00  c6 c6 00 00 00 00 00 00
1d 00 18 c7 00 00 00 00  00 00 1d 00 2a c7 00 00
00 00 00 00 1d 00 e3 c7  00 00 00 00 00 00 1d 00
e4 c8 00 00 00 00 00 00  1d 00 03 c9 00 00 00 00
00 00 1d 00 1e c9 00 00  00 00 00 00 1d 00 86 ca
00 00 00 00 00 00 1d 00  fa ca 00 00 00 00 00 00
1d 00 07 cb 00 00 00 00  00 00 1d 00 2a cb 00 00
00 00 00 00 1d 00 93 cb  00 00 00 00 00 00 1d 00
df cb 00 00 00 00 00 00  1d 00 5c cc 00 00 00 00
00 00 1d 00 af cc 00 00  00 00 00 00 1d 00 7e cf
00 00 00 00 00 00 1d 00  82 cf 00 00 00 00 00 00
1d 00 86 cf 00 00 00 00  00 00 1d 00 8a cf 00 00
00 00 00 00 1d 00 e0 cf  00 00 00 00 00 00 1d 00
e6 cf 00 00 00 00 00 00  1d 00 ef cf 00 00 00 00
00 00 1d 00 f8 cf 00 00  00 00 00 00 1d 00 01 d0
00 00 00 00 00 00 1d 00  16 d0 00 00 00 00 00 00
1d 00 24 d0 00 00 00 00  00 00 1d 00 3e d0 00 00
00 00 00 00 1d 00 9f d0  00 00 00 00 00 00 1d 00
a5 d0 00 00 00 00 00 00  1d 00 ae d0 00 00 00 00
00 00 1d 00 b7 d0 00 00  00 00 00 00 1d 00 c0 d0
00 00 00 00 00 00 1d 00  d5 d0 00 00 00 00 00 00
1d 00 e3 d0 00 00 00 00  00 00 1d 00 fd d0 00 00
00 00 00 00 1d 00 85 d1  00 00 00 00 00 00 1d 00
cd d1 00 00 00 00 00 00  1d 00 fb d1 00 00 00 00
00 00 1d 00 37 d2 00 00  00 00 00 00 1d 00 43 d2
00 00 00 00 00 00 1d 00  58 d2 00 00 00 00 00 00
1d 00 70 d2 00 00 00 00  00 00 1d 00 76 d2 00 00
00 00 00 00 1d 00 7f d2  00 00 00 00 00 00 1d 00
88 d2 00 00 00 00 00 00  1d 00 91 d2 00 00 00 00
00 00 1d 00 9a d2 00 00  00 00 00 00 1d 00 a6 d2
00 00 00 00 00 00 1d 00  ac d2 00 00 00 00 00 00
1d 00 b5 d2 00 00 00 00  00 00 1d 00 be d2 00 00
00 00 00 00 1d 00 c7 d2  00 00 00 00 00 00 1d 00
d0 d2 00 00 00 00 00 00  1d 00 fa d2 00 00 00 00
00 00 1d 00 9a d3 00 00  00 00 00 00 1d 00 cf d3
00 00 00 00 00 00 1d 00  47 d4 00 00 00 00 00 00
1d 00 a1 d4 00 00 00 00  00 00 1d 00 d7 d4 00 00
00 00 00 00 1d 00 1d d5  00 00 00 00 00 00 1d 00
29 d5 00 00 00 00 00 00  1d 00 54 d5 00 00 00 00
00 00 1d 00 5a d5 00 00  00 00 00 00 1d 00 63 d5
00 00 00 00 00 00 1d 00  6c d5 00 00 00 00 00 00
1d 00 75 d5 00 00 00 00  00 00 1d 00 7e d5 00 00
00 00 00 00 1d 00 8a d5  00 00 00 00 00 00 1d 00
90 d5 00 00 00 00 00 00  1d 00 99 d5 00 00 00 00
00 00 1d 00 a2 d5 00 00  00 00 00 00 1d 00 ab d5
00 00 00 00 00 00 1d 00  b4 d5 00 00 00 00 00 00
1d 00 de d5 00 00 00 00  00 00 1d 00 81 d6 00 00
00 00 00 00 1d 00 be d6  00 00 00 00 00 00 1d 00
21 d7 00 00 00 00 00 00  1d 00 2a d7 00 00 00 00
00 00 1d 00 61 d7 00 00  00 00 00 00 1d 00 8c d7
00 00 00 00 00 00 1d 00  9e d7 00 00 00 00 00 00
1d 00 b5 d7 00 00 00 00  00 00 1d 00 ee d7 00 00
00 00 00 00 1d 00 05 d8  00 00 00 00 00 00 1d 00
80 d8 00 00 00 00 00 00  1d 00 89 d8 00 00 00 00
00 00 1d 00 bb d8 00 00  00 00 00 00 1d 00 e1 d8
00 00 00 00 00 00 1d 00  f3 d8 00 00 00 00 00 00
1d 00 08 d9 00 00 00 00  00 00 1d 00 3a d9 00 00
00 00 00 00 1d 00 4f d9  00 00 00 00 00 00 1d 00
e6 d9 00 00 00 00 00 00  1d 00 ec d9 00 00 00 00
00 00 1d 00 f7 d9 00 00  00 00 00 00 1d 00 ff d9
00 00 00 00 00 00 1d 00  1c da 00 00 00 00 00 00
1d 00 25 da 00 00 00 00  00 00 1d 00 73 da 00 00
00 00 00 00 1d 00 7c da  00 00 00 00 00 00 1d 00
82 da 00 00 00 00 00 00  1d 00 9c da 00 00 00 00
00 00 1d 00 a5 da 00 00  00 00 00 00 1d 00 c5 da
00 00 00 00 00 00 1d 00  cb da 00 00 00 00 00 00
1d 00 d4 da 00 00 00 00  00 00 1d 00 e8 da 00 00
00 00 00 00 1d 00 03 db  00 00 00 00 00 00 1d 00
09 db 00 00 00 00 00 00  1d 00 12 db 00 00 00 00
00 00 1d 00 1b db 00 00  00 00 00 00 1d 00 24 db
00 00 00 00 00 00 1d 00  2d db 00 00 00 00 00 00
1d 00 3c db 00 00 00 00  00 00 1d 00 42 db 00 00
00 00 00 00 1d 00 4b db  00 00 00 00 00 00 1d 00
54 db 00 00 00 00 00 00  1d 00 5d db 00 00 00 00
00 00 1d 00 8a db 00 00  00 00 00 00 1d 00 97 db
00 00 00 00 00 00 1d 00  06 dc 00 00 00 00 00 00
1d 00 0c dc 00 00 00 00  00 00 1d 00 17 dc 00 00
00 00 00 00 1d 00 1f dc  00 00 00 00 00 00 1d 00
3c dc 00 00 00 00 00 00  1d 00 45 dc 00 00 00 00
00 00 1d 00 8e dc 00 00  00 00 00 00 1d 00 97 dc
00 00 00 00 00 00 1d 00  9d dc 00 00 00 00 00 00
1d 00 b7 dc 00 00 00 00  00 00 1d 00 c0 dc 00 00
00 00 00 00 1d 00 e0 dc  00 00 00 00 00 00 1d 00
e6 dc 00 00 00 00 00 00  1d 00 ef dc 00 00 00 00
00 00 1d 00 03 dd 00 00  00 00 00 00 1d 00 1e dd
00 00 00 00 00 00 1d 00  24 dd 00 00 00 00 00 00
1d 00 2d dd 00 00 00 00  00 00 1d 00 36 dd 00 00
00 00 00 00 1d 00 3f dd  00 00 00 00 00 00 1d 00
48 dd 00 00 00 00 00 00  1d 00 57 dd 00 00 00 00
00 00 1d 00 5d dd 00 00  00 00 00 00 1d 00 66 dd
00 00 00 00 00 00 1d 00  6f dd 00 00 00 00 00 00
1d 00 78 dd 00 00 00 00  00 00 1d 00 a5 dd 00 00
00 00 00 00 1d 00 b2 dd  00 00 00 00 00 00 1d 00
eb dd 00 00 00 00 00 00  1d 00 ae de 00 00 00 00
00 00 1d 00 d4 de 00 00  00 00 00 00 1d 00 f6 de
00 00 00 00 00 00 1d 00  ff de 00 00 00 00 00 00
1d 00 05 df 00 00 00 00  00 00 1d 00 10 df 00 00
00 00 00 00 1d 00 16 df  00 00 00 00 00 00 1d 00
6d e0 00 00 00 00 00 00  1d 00 8d e0 00 00 00 00
00 00 1d 00 af e0 00 00  00 00 00 00 1d 00 b8 e0
00 00 00 00 00 00 1d 00  be e0 00 00 00 00 00 00
1d 00 c9 e0 00 00 00 00  00 00 1d 00 cf e0 00 00
00 00 00 00 1d 00 51 e1  00 00 00 00 00 00 1d 00
5a e1 00 00 00 00 00 00  1d 00 b5 e1 00 00 00 00
00 00 1d 00 be e1 00 00  00 00 00 00 1d 00 35 e2
00 00 00 00 00 00 1d 00  3e e2 00 00 00 00 00 00
1d 00 f9 e2 00 00 00 00  00 00 1d 00 02 e3 00 00
00 00 00 00 1d 00 47 e3  00 00 00 00 00 00 1d 00
50 e3 00 00 00 00 00 00  1d 00 68 e4 00 00 00 00
00 00 1d 00 a6 e6 00 00  00 00 00 00 1d 00 d5 e6
00 00 00 00 00 00 1d 00  de e6 00 00 00 00 00 00
1d 00 e9 e6 00 00 00 00  00 00 1d 00 f4 e6 00 00
00 00 00 00 1d 00 0e e7  00 00 00 00 00 00 1d 00
14 e7 00 00 00 00 00 00  1d 00 1d e7 00 00 00 00
00 00 1d 00 26 e7 00 00  00 00 00 00 1d 00 2f e7
00 00 00 00 00 00 1d 00  3b e7 00 00 00 00 00 00
1d 00 41 e7 00 00 00 00  00 00 1d 00 4a e7 00 00
00 00 00 00 1d 00 53 e7  00 00 00 00 00 00 1d 00
5c e7 00 00 00 00 00 00  1d 00 65 e7 00 00 00 00
00 00 1d 00 a3 e7 00 00  00 00 00 00 1d 00 ac e7
00 00 00 00 00 00 1d 00  b2 e7 00 00 00 00 00 00
1d 00 bb e7 00 00 00 00  00 00 1d 00 c4 e7 00 00
00 00 00 00 1d 00 cd e7  00 00 00 00 00 00 1d 00
d6 e7 00 00 00 00 00 00  1d 00 df e7 00 00 00 00
00 00 1d 00 eb e7 00 00  00 00 00 00 1d 00 f1 e7
00 00 00 00 00 00 1d 00  fa e7 00 00 00 00 00 00
1d 00 03 e8 00 00 00 00  00 00 1d 00 0c e8 00 00
00 00 00 00 1d 00 15 e8  00 00 00 00 00 00 1d 00
1e e8 00 00 00 00 00 00  1d 00 33 e8 00 00 00 00
00 00 1d 00 3e e8 00 00  00 00 00 00 1d 00 62 e8
00 00 00 00 00 00 1d 00  68 e8 00 00 00 00 00 00
1d 00 73 e8 00 00 00 00  00 00 1d 00 79 e8 00 00
00 00 00 00 1d 00 9b e8  00 00 00 00 00 00 1d 00
b4 e8 00 00 00 00 00 00  1d 00 ba e8 00 00 00 00
00 00 1d 00 c3 e8 00 00  00 00 00 00 1d 00 cc e8
00 00 00 00 00 00 1d 00  d5 e8 00 00 00 00 00 00
1d 00 de e8 00 00 00 00  00 00 1d 00 e7 e8 00 00
00 00 00 00 1d 00 f0 e8  00 00 00 00 00 00 1d 00
fc e8 00 00 00 00 00 00  1d 00 02 e9 00 00 00 00
00 00 1d 00 0b e9 00 00  00 00 00 00 1d 00 14 e9
00 00 00 00 00 00 1d 00  1d e9 00 00 00 00 00 00
1d 00 26 e9 00 00 00 00  00 00 1d 00 2f e9 00 00
00 00 00 00 1d 00 38 e9  00 00 00 00 00 00 1d 00
41 e9 00 00 00 00 00 00  1d 00 52 e9 00 00 00 00
00 00 1d 00 58 e9 00 00  00 00 00 00 1d 00 61 e9
00 00 00 00 00 00 1d 00  6a e9 00 00 00 00 00 00
1d 00 73 e9 00 00 00 00  00 00 1d 00 7c e9 00 00
00 00 00 00 1d 00 85 e9  00 00 00 00 00 00 1d 00
91 e9 00 00 00 00 00 00  1d 00 97 e9 00 00 00 00
00 00 1d 00 a0 e9 00 00  00 00 00 00 1d 00 a9 e9
00 00 00 00 00 00 1d 00  b2 e9 00 00 00 00 00 00
1d 00 bb e9 00 00 00 00  00 00 1d 00 c4 e9 00 00
00 00 00 00 1d 00 cd e9  00 00 00 00 00 00 1d 00
fb e9 00 00 00 00 00 00  1d 00 48 ea 00 00 00 00
00 00 1d 00 56 ea 00 00  00 00 00 00 1d 00 a2 ea
00 00 00 00 00 00 1d 00  c8 ea 00 00 00 00 00 00
1d 00 df ea 00 00 00 00  00 00 1d 00 e5 ea 00 00
00 00 00 00 1d 00 ee ea  00 00 00 00 00 00 1d 00
f7 ea 00 00 00 00 00 00  1d 00 00 eb 00 00 00 00
00 00 1d 00 0c eb 00 00  00 00 00 00 1d 00 12 eb
00 00 00 00 00 00 1d 00  1b eb 00 00 00 00 00 00
1d 00 24 eb 00 00 00 00  00 00 1d 00 2d eb 00 00
00 00 00 00 1d 00 36 eb  00 00 00 00 00 00 1d 00
5a eb 00 00 00 00 00 00  1d 00 71 eb 00 00 00 00
00 00 1d 00 7d eb 00 00  00 00 00 00 1d 00 a9 eb
00 00 00 00 00 00 1d 00  b2 eb 00 00 00 00 00 00
1d 00 b8 eb 00 00 00 00  00 00 1d 00 c1 eb 00 00
00 00 00 00 1d 00 ca eb  00 00 00 00 00 00 1d 00
d3 eb 00 00 00 00 00 00  1d 00 dc eb 00 00 00 00
00 00 1d 00 e5 eb 00 00  00 00 00 00 1d 00 f1 eb
00 00 00 00 00 00 1d 00  f7 eb 00 00 00 00 00 00
1d 00 00 ec 00 00 00 00  00 00 1d 00 09 ec 00 00
00 00 00 00 1d 00 12 ec  00 00 00 00 00 00 1d 00
1b ec 00 00 00 00 00 00  1d 00 24 ec 00 00 00 00
00 00 1d 00 33 ec 00 00  00 00 00 00 1d 00 39 ec
00 00 00 00 00 00 1d 00  56 ec 00 00 00 00 00 00
1d 00 5f ec 00 00 00 00  00 00 1d 00 91 ec 00 00
00 00 00 00 1d 00 aa ec  00 00 00 00 00 00 1d 00
b0 ec 00 00 00 00 00 00  1d 00 b9 ec 00 00 00 00
00 00 1d 00 c2 ec 00 00  00 00 00 00 1d 00 cb ec
00 00 00 00 00 00 1d 00  d4 ec 00 00 00 00 00 00
1d 00 dd ec 00 00 00 00  00 00 1d 00 e6 ec 00 00
00 00 00 00 1d 00 f2 ec  00 00 00 00 00 00 1d 00
f8 ec 00 00 00 00 00 00  1d 00 01 ed 00 00 00 00
00 00 1d 00 0a ed 00 00  00 00 00 00 1d 00 13 ed
00 00 00 00 00 00 1d 00  1c ed 00 00 00 00 00 00
1d 00 25 ed 00 00 00 00  00 00 1d 00 2e ed 00 00
00 00 00 00 1d 00 37 ed  00 00 00 00 00 00 1d 00
54 ed 00 00 00 00 00 00  1d 00 5a ed 00 00 00 00
00 00 1d 00 68 ed 00 00  00 00 00 00 1d 00 6e ed
00 00 00 00 00 00 1d 00  77 ed 00 00 00 00 00 00
1d 00 80 ed 00 00 00 00  00 00 1d 00 89 ed 00 00
00 00 00 00 1d 00 92 ed  00 00 00 00 00 00 1d 00
9b ed 00 00 00 00 00 00  1d 00 a7 ed 00 00 00 00
00 00 1d 00 ad ed 00 00  00 00 00 00 1d 00 b6 ed
00 00 00 00 00 00 1d 00  bf ed 00 00 00 00 00 00
1d 00 c8 ed 00 00 00 00  00 00 1d 00 d1 ed 00 00
00 00 00 00 1d 00 da ed  00 00 00 00 00 00 1d 00
e3 ed 00 00 00 00 00 00  1d 00 11 ee 00 00 00 00
00 00 1d 00 66 ee 00 00  00 00 00 00 1d 00 74 ee
00 00 00 00 00 00 1d 00  7a ee 00 00 00 00 00 00
1d 00 82 ee 00 00 00 00  00 00 1d 00 88 ee 00 00
00 00 00 00 1d 00 d5 ee  00 00 00 00 00 00 1d 00
04 ef 00 00 00 00 00 00  1d 00 0d ef 00 00 00 00
00 00 1d 00 18 ef 00 00  00 00 00 00 1d 00 23 ef
00 00 00 00 00 00 1d 00  3d ef 00 00 00 00 00 00
1d 00 43 ef 00 00 00 00  00 00 1d 00 4c ef 00 00
00 00 00 00 1d 00 55 ef  00 00 00 00 00 00 1d 00
5e ef 00 00 00 00 00 00  1d 00 6a ef 00 00 00 00
00 00 1d 00 70 ef 00 00  00 00 00 00 1d 00 79 ef
00 00 00 00 00 00 1d 00  82 ef 00 00 00 00 00 00
1d 00 8b ef 00 00 00 00  00 00 1d 00 94 ef 00 00
00 00 00 00 1d 00 cd ef  00 00 00 00 00 00 1d 00
d6 ef 00 00 00 00 00 00  1d 00 dc ef 00 00 00 00
00 00 1d 00 e5 ef 00 00  00 00 00 00 1d 00 ee ef
00 00 00 00 00 00 1d 00  f7 ef 00 00 00 00 00 00
1d 00 00 f0 00 00 00 00  00 00 1d 00 09 f0 00 00
00 00 00 00 1d 00 15 f0  00 00 00 00 00 00 1d 00
1b f0 00 00 00 00 00 00  1d 00 24 f0 00 00 00 00
00 00 1d 00 2d f0 00 00  00 00 00 00 1d 00 36 f0
00 00 00 00 00 00 1d 00  3f f0 00 00 00 00 00 00
1d 00 48 f0 00 00 00 00  00 00 1d 00 5d f0 00 00
00 00 00 00 1d 00 68 f0  00 00 00 00 00 00 1d 00
8c f0 00 00 00 00 00 00  1d 00 92 f0 00 00 00 00
00 00 1d 00 9d f0 00 00  00 00 00 00 1d 00 a3 f0
00 00 00 00 00 00 1d 00  c0 f0 00 00 00 00 00 00
1d 00 d9 f0 00 00 00 00  00 00 1d 00 df f0 00 00
00 00 00 00 1d 00 e8 f0  00 00 00 00 00 00 1d 00
f1 f0 00 00 00 00 00 00  1d 00 fa f0 00 00 00 00
00 00 1d 00 03 f1 00 00  00 00 00 00 1d 00 0c f1
00 00 00 00 00 00 1d 00  15 f1 00 00 00 00 00 00
1d 00 21 f1 00 00 00 00  00 00 1d 00 27 f1 00 00
00 00 00 00 1d 00 30 f1  00 00 00 00 00 00 1d 00
39 f1 00 00 00 00 00 00  1d 00 42 f1 00 00 00 00
00 00 1d 00 4b f1 00 00  00 00 00 00 1d 00 54 f1
00 00 00 00 00 00 1d 00  5d f1 00 00 00 00 00 00
1d 00 66 f1 00 00 00 00  00 00 1d 00 77 f1 00 00
00 00 00 00 1d 00 7d f1  00 00 00 00 00 00 1d 00
86 f1 00 00 00 00 00 00  1d 00 8f f1 00 00 00 00
00 00 1d 00 98 f1 00 00  00 00 00 00 1d 00 a1 f1
00 00 00 00 00 00 1d 00  aa f1 00 00 00 00 00 00
1d 00 b6 f1 00 00 00 00  00 00 1d 00 bc f1 00 00
00 00 00 00 1d 00 c5 f1  00 00 00 00 00 00 1d 00
ce f1 00 00 00 00 00 00  1d 00 d7 f1 00 00 00 00
00 00 1d 00 e0 f1 00 00  00 00 00 00 1d 00 e9 f1
00 00 00 00 00 00 1d 00  f2 f1 00 00 00 00 00 00
1d 00 29 f2 00 00 00 00  00 00 1d 00 72 f2 00 00
00 00 00 00 1d 00 80 f2  00 00 00 00 00 00 1d 00
d1 f2 00 00 00 00 00 00  1d 00 f7 f2 00 00 00 00
00 00 1d 00 0e f3 00 00  00 00 00 00 1d 00 14 f3
00 00 00 00 00 00 1d 00  1d f3 00 00 00 00 00 00
1d 00 26 f3 00 00 00 00  00 00 1d 00 2f f3 00 00
00 00 00 00 1d 00 3b f3  00 00 00 00 00 00 1d 00
41 f3 00 00 00 00 00 00  1d 00 4a f3 00 00 00 00
00 00 1d 00 53 f3 00 00  00 00 00 00 1d 00 5c f3
00 00 00 00 00 00 1d 00  65 f3 00 00 00 00 00 00
1d 00 89 f3 00 00 00 00  00 00 1d 00 a0 f3 00 00
00 00 00 00 1d 00 ac f3  00 00 00 00 00 00 1d 00
d3 f3 00 00 00 00 00 00  1d 00 dc f3 00 00 00 00
00 00 1d 00 e2 f3 00 00  00 00 00 00 1d 00 eb f3
00 00 00 00 00 00 1d 00  f4 f3 00 00 00 00 00 00
1d 00 fd f3 00 00 00 00  00 00 1d 00 06 f4 00 00
00 00 00 00 1d 00 0f f4  00 00 00 00 00 00 1d 00
1b f4 00 00 00 00 00 00  1d 00 21 f4 00 00 00 00
00 00 1d 00 2a f4 00 00  00 00 00 00 1d 00 33 f4
00 00 00 00 00 00 1d 00  3c f4 00 00 00 00 00 00
1d 00 45 f4 00 00 00 00  00 00 1d 00 4e f4 00 00
00 00 00 00 1d 00 5d f4  00 00 00 00 00 00 1d 00
63 f4 00 00 00 00 00 00  1d 00 80 f4 00 00 00 00
00 00 1d 00 89 f4 00 00  00 00 00 00 1d 00 b6 f4
00 00 00 00 00 00 1d 00  cf f4 00 00 00 00 00 00
1d 00 d5 f4 00 00 00 00  00 00 1d 00 de f4 00 00
00 00 00 00 1d 00 e7 f4  00 00 00 00 00 00 1d 00
f0 f4 00 00 00 00 00 00  1d 00 f9 f4 00 00 00 00
00 00 1d 00 02 f5 00 00  00 00 00 00 1d 00 0b f5
00 00 00 00 00 00 1d 00  17 f5 00 00 00 00 00 00
1d 00 1d f5 00 00 00 00  00 00 1d 00 26 f5 00 00
00 00 00 00 1d 00 2f f5  00 00 00 00 00 00 1d 00
38 f5 00 00 00 00 00 00  1d 00 41 f5 00 00 00 00
00 00 1d 00 4a f5 00 00  00 00 00 00 1d 00 53 f5
00 00 00 00 00 00 1d 00  5c f5 00 00 00 00 00 00
1d 00 79 f5 00 00 00 00  00 00 1d 00 7f f5 00 00
00 00 00 00 1d 00 8d f5  00 00 00 00 00 00 1d 00
93 f5 00 00 00 00 00 00  1d 00 9c f5 00 00 00 00
00 00 1d 00 a5 f5 00 00  00 00 00 00 1d 00 ae f5
00 00 00 00 00 00 1d 00  b7 f5 00 00 00 00 00 00
1d 00 c0 f5 00 00 00 00  00 00 1d 00 cc f5 00 00
00 00 00 00 1d 00 d2 f5  00 00 00 00 00 00 1d 00
db f5 00 00 00 00 00 00  1d 00 e4 f5 00 00 00 00
00 00 1d 00 ed f5 00 00  00 00 00 00 1d 00 f6 f5
00 00 00 00 00 00 1d 00  ff f5 00 00 00 00 00 00
1d 00 08 f6 00 00 00 00  00 00 1d 00 3f f6 00 00
00 00 00 00 1d 00 90 f6  00 00 00 00 00 00 1d 00
9e f6 00 00 00 00 00 00  1d 00 a4 f6 00 00 00 00
00 00 1d 00 ac f6 00 00  00 00 00 00 1d 00 b2 f6
00 00 00 00 00 00 1d 00  5c f7 00 00 00 00 00 00
1d 00 76 f7 00 00 00 00  00 00 1d 00 83 f7 00 00
00 00 00 00 1d 00 89 f7  00 00 00 00 00 00 1d 00
9d f7 00 00 00 00 00 00  1d 00 a3 f7 00 00 00 00
00 00 1d 00 b0 f7 00 00  00 00 00 00 1d 00 b6 f7
00 00 00 00 00 00 1d 00  e0 f7 00 00 00 00 00 00
1d 00 e9 f7 00 00 00 00  00 00 1d 00 fe f7 00 00
00 00 00 00 1d 00 07 f8  00 00 00 00 00 00 1d 00
21 f8 00 00 00 00 00 00  1d 00 2f f8 00 00 00 00
00 00 1d 00 3b f8 00 00  00 00 00 00 1d 00 58 f8
00 00 00 00 00 00 1d 00  67 f8 00 00 00 00 00 00
1d 00 90 f8 00 00 00 00  00 00 1d 00 9c f8 00 00
00 00 00 00 1d 00 b7 f8  00 00 00 00 00 00 1d 00
cc f8 00 00 00 00 00 00  1d 00 d2 f8 00 00 00 00
00 00 1d 00 db f8 00 00  00 00 00 00 1d 00 e4 f8
00 00 00 00 00 00 1d 00  ed f8 00 00 00 00 00 00
1d 00 f6 f8 00 00 00 00  00 00 1d 00 02 f9 00 00
00 00 00 00 1d 00 17 f9  00 00 00 00 00 00 1d 00
5d f9 00 00 00 00 00 00  1d 00 63 f9 00 00 00 00
00 00 1d 00 77 f9 00 00  00 00 00 00 1d 00 87 f9
00 00 00 00 00 00 1d 00  90 f9 00 00 00 00 00 00
1d 00 a3 f9 00 00 00 00  00 00 1d 00 c0 f9 00 00
00 00 00 00 1d 00 07 fa  00 00 00 00 00 00 1d 00
12 fa 00 00 00 00 00 00  1d 00 d0 fa 00 00 00 00
00 00 1d 00 a2 fb 00 00  00 00 00 00 1d 00 b9 fb
00 00 00 00 00 00 1d 00  c6 fb 00 00 00 00 00 00
1d 00 cc fb 00 00 00 00  00 00 1d 00 e0 fb 00 00
00 00 00 00 1d 00 e6 fb  00 00 00 00 00 00 1d 00
f3 fb 00 00 00 00 00 00  1d 00 f9 fb 00 00 00 00
00 00 1d 00 23 fc 00 00  00 00 00 00 1d 00 2b fc
00 00 00 00 00 00 1d 00  40 fc 00 00 00 00 00 00
1d 00 49 fc 00 00 00 00  00 00 1d 00 73 fc 00 00
00 00 00 00 1d 00 8d fc  00 00 00 00 00 00 1d 00
9c fc 00 00 00 00 00 00  1d 00 c5 fc 00 00 00 00
00 00 1d 00 d1 fc 00 00  00 00 00 00 1d 00 ec fc
00 00 00 00 00 00 1d 00  01 fd 00 00 00 00 00 00
1d 00 07 fd 00 00 00 00  00 00 1d 00 10 fd 00 00
00 00 00 00 1d 00 19 fd  00 00 00 00 00 00 1d 00
22 fd 00 00 00 00 00 00  1d 00 2b fd 00 00 00 00
00 00 1d 00 37 fd 00 00  00 00 00 00 1d 00 4c fd
00 00 00 00 00 00 1d 00  92 fd 00 00 00 00 00 00
1d 00 98 fd 00 00 00 00  00 00 1d 00 ac fd 00 00
00 00 00 00 1d 00 bc fd  00 00 00 00 00 00 1d 00
c5 fd 00 00 00 00 00 00  1d 00 d8 fd 00 00 00 00
00 00 1d 00 f5 fd 00 00  00 00 00 00 1d 00 27 fe
00 00 00 00 00 00 1d 00  32 fe 00 00 00 00 00 00
1d 00 b7 fe 00 00 00 00  00 00 1d 00 c4 ff 00 00
00 00 00 00 1d 00 2a 00  01 00 00 00 00 00 1d 00
e1 00 01 00 00 00 00 00  1d 00 ea 00 01 00 00 00
00 00 1d 00 4a 01 01 00  00 00 00 00 1d 00 53 01
01 00 00 00 00 00 1d 00  ca 01 01 00 00 00 00 00
1d 00 d3 01 01 00 00 00  00 00 1d 00 89 02 01 00
00 00 00 00 1d 00 92 02  01 00 00 00 00 00 1d 00
dc 02 01 00 00 00 00 00  1d 00 e5 02 01 00 00 00
00 00 1d 00 34 06 01 00  00 00 00 00 1d 00 fc 06
01 00 00 00 00 00 1d 00  8a 0a 01 00 00 00 00 00
1d 00 cb 0a 01 00 00 00  00 00 1d 00 05 0b 01 00
00 00 00 00 1d 00 3f 0b  01 00 00 00 00 00 1d 00
a4 0b 01 00 00 00 00 00  1d 00 b6 0b 01 00 00 00
00 00 1d 00 be 0b 01 00  00 00 00 00 1d 00 e5 0b
01 00 00 00 00 00 1d 00  ee 0b 01 00 00 00 00 00
1d 00 12 0c 01 00 00 00  00 00 1d 00 6a 0c 01 00
00 00 00 00 1d 00 a1 0c  01 00 00 00 00 00 1d 00
af 0c 01 00 00 00 00 00  1d 00 ee 0c 01 00 00 00
00 00 1d 00 5f 0d 01 00  00 00 00 00 1d 00 68 0d
01 00 00 00 00 00 1d 00  81 0d 01 00 00 00 00 00
1d 00 99 0d 01 00 00 00  00 00 1d 00 a7 0d 01 00
00 00 00 00 1d 00 b6 0d  01 00 00 00 00 00 1d 00
c4 0d 01 00 00 00 00 00  1d 00 cd 0d 01 00 00 00
00 00 1d 00 ed 0d 01 00  00 00 00 00 1d 00 f6 0d
01 00 00 00 00 00 1d 00  0c 0e 01 00 00 00 00 00
1d 00 21 0e 01 00 00 00  00 00 1d 00 27 0e 01 00
00 00 00 00 1d 00 30 0e  01 00 00 00 00 00 1d 00
39 0e 01 00 00 00 00 00  1d 00 42 0e 01 00 00 00
00 00 1d 00 4b 0e 01 00  00 00 00 00 1d 00 54 0e
01 00 00 00 00 00 1d 00  7a 0e 01 00 00 00 00 00
1d 00 8c 0e 01 00 00 00  00 00 1d 00 f0 0e 01 00
00 00 00 00 1d 00 02 0f  01 00 00 00 00 00 1d 00
0a 0f 01 00 00 00 00 00  1d 00 31 0f 01 00 00 00
00 00 1d 00 3a 0f 01 00  00 00 00 00 1d 00 5e 0f
01 00 00 00 00 00 1d 00  b6 0f 01 00 00 00 00 00
1d 00 ea 0f 01 00 00 00  00 00 1d 00 f8 0f 01 00
00 00 00 00 1d 00 9a 10  01 00 00 00 00 00 1d 00
a3 10 01 00 00 00 00 00  1d 00 bc 10 01 00 00 00
00 00 1d 00 d4 10 01 00  00 00 00 00 1d 00 e2 10
01 00 00 00 00 00 1d 00  f1 10 01 00 00 00 00 00
1d 00 ff 10 01 00 00 00  00 00 1d 00 08 11 01 00
00 00 00 00 1d 00 28 11  01 00 00 00 00 00 1d 00
31 11 01 00 00 00 00 00  1d 00 47 11 01 00 00 00
00 00 1d 00 5c 11 01 00  00 00 00 00 1d 00 62 11
01 00 00 00 00 00 1d 00  6b 11 01 00 00 00 00 00
1d 00 74 11 01 00 00 00  00 00 1d 00 7d 11 01 00
00 00 00 00 1d 00 86 11  01 00 00 00 00 00 1d 00
8f 11 01 00 00 00 00 00  1d 00 b5 11 01 00 00 00
00 00 1d 00 c7 11 01 00  00 00 00 00 1d 00 22 12
01 00 00 00 00 00 1d 00  4a 12 01 00 00 00 00 00
1d 00 a1 12 01 00 00 00  00 00 1d 00 c9 12 01 00
00 00 00 00 1d 00 d1 13  01 00 00 00 00 00 1d 00
54 15 01 00 00 00 00 00  1d 00 b7 19 01 00 00 00
00 00 1d 00 c7 19 01 00  00 00 00 00 1d 00 e4 1a
01 00 00 00 00 00 1d 00  f4 1a 01 00 00 00 00 00
1d 00 59 1b 01 00 00 00  00 00 1d 00 69 1b 01 00
00 00 00 00 1d 00 7e 1b  01 00 00 00 00 00 1d 00
8e 1b 01 00 00 00 00 00  1d 00 3b 1c 01 00 00 00
00 00 1d 00 6f 1c 01 00  00 00 00 00 1d 00 ac 1c
01 00 00 00 00 00 1d 00  c0 1c 01 00 00 00 00 00
1d 00 14 1d 01 00 00 00  00 00 1d 00 28 1d 01 00
00 00 00 00 1d 00 39 1d  01 00 00 00 00 00 1d 00
4d 1d 01 00 00 00 00 00  1d 00 85 1d 01 00 00 00
00 00 1d 00 d2 1d 01 00  00 00 00 00 1d 00 06 1e
01 00 00 00 00 00 1d 00  3e 1e 01 00 00 00 00 00
1d 00 4d 1e 01 00 00 00  00 00 1d 00 93 1e 01 00
00 00 00 00 1d 00 a2 1e  01 00 00 00 00 00 1d 00
1d ad 00 00 48 00 00 00  14 00 32 ad 00 00 48 00
00 00 14 00 80 ff 00 00  48 00 00 00 14 00 9a ff
00 00 48 00 00 00 14 00  5d 76 00 00 cc 01 00 00
14 00 54 37 00 00 cc 01  00 00 14 00 12 cb 00 00
cc 01 00 00 14 00 aa 81  00 00 cc 01 00 00 14 00
fa ae 00 00 cc 01 00 00  14 00 4c c0 00 00 cc 01
00 00 14 00 22 d4 00 00  cc 01 00 00 14 00 75 c0
00 00 cc 01 00 00 14 00  0f b8 00 00 cc 01 00 00
14 00 43 a7 00 00 cc 01  00 00 14 00 16 79 00 00
cc 01 00 00 14 00 d1 12  00 00 cc 01 00 00 14 00
0d 13 00 00 cc 01 00 00  14 00 a2 c0 00 00 cc 01
00 00 14 00 b9 c0 00 00  cc 01 00 00 14 00 ae c6
00 00 cc 01 00 00 14 00  4d 13 00 00 cc 01 00 00
14 00 3b cb 00 00 cc 01  00 00 14 00 d7 c6 00 00
cc 01 00 00 14 00 04 a3  00 00 cc 01 00 00 14 00
cf bb 00 00 cc 01 00 00  14 00 68 cb 00 00 cc 01
00 00 14 00 29 a9 00 00  cc 01 00 00 14 00 f8 bb
00 00 cc 01 00 00 14 00  7f cb 00 00 cc 01 00 00
14 00 3b c7 00 00 cc 01  00 00 14 00 63 bc 00 00
cc 01 00 00 14 00 2f a5  00 00 cc 01 00 00 14 00
bf cf 00 00 cc 01 00 00  14 00 1e b9 00 00 cc 01
00 00 14 00 12 7f 00 00  cc 01 00 00 14 00 82 11
00 00 cc 01 00 00 14 00  7e fc 00 00 cc 01 00 00
14 00 7e d0 00 00 cc 01  00 00 14 00 e4 39 00 00
cc 01 00 00 14 00 08 ae  00 00 cc 01 00 00 14 00
46 d1 00 00 cc 01 00 00  14 00 49 f8 00 00 cc 01
00 00 14 00 00 00 00 00  00 00 00 00 00 00 00 00
00 00 00 00 00 00 00 00  00 00 00 00 00 00 00 00
00 00 00 00 00 00 00 00  00 00 00 00 00 00 00 00
00 00 00 00 00 00 00 00  00 00 00 00 00 00 00 00
00 00 00 00 00 00 00 00  00 00 00 00 00 00 00 00
00 00 00 00 00 00 00 00  00 00 00 00 00 00 00 00
00 00 00 00 00 00 00 00  00 00 00 00 00 00 00 00
00 00 00 00 00 00 00 00  00 00 00 00 00 00 00 00
00 00 00 00 00 00 00 00  00 00 00 00 00 00 00 00
00 00 00 00 00 00 00 00  00 00 00 00 00 00 00 00
00 00 00 00 00 00 00 00  00 00 00 00 00 00 00 00
00 00 00 00 00 00 00 00  00 00 00 00 00 00 00 00
00 00 00 00 00 00 00 00  00 00 00 00 00 00 00 00
00 00 00 00 00 00 00 00  00 00 00 00 00 00 00 00
00 00 00 00 00 00 00 00  00 00 00 00 00 00 00 00
00 00 00 00 00 00 00 00  00 00 00 00 00 00 00 00
00 00 00 00 00 00 00 00  00 00 00 00 00 00 00 00
00 00 00 00 00 00 00 00  00 00 00 00 00 00 00 00
00 00 00 00 00 00 00 00  00 00 00 00 00 00 00 00
00 00 00 00 00 00 00 00  00 00 00 00 00 00 00 00
00 00 00 00 00 00 00 00  00 00 00 00 00 00 00 00
00 00 00 00 00 00 00 00  00 00 00 00 00 00 00 00
00 00 00 00 00 00 00 00  00 00 00 00 00 00 00 00
00 00 00 00 00 00 00 00  00 00 00 00 00 00 00 00
00 00 00 00 00 00 00 00  00 00 00 00 00 00 00 00
